

Software Version	3.03.14



Experiment File Path:	C:\Users\Public\Documents\Experiments\KuoV\48wellgrowthcurve_170905_171442.xpt
Protocol File Path:	C:\Users\Public\Documents\Protocols\96wellgrowthcurve.prt



Plate Number	Plate 1
Date	9/5/2017
Time	5:24:50 PM
Reader Type:	Synergy H1
Reader Serial Number:	1706221C
Reading Type	Reader

Procedure Details

Plate Type	CellStar 48
Discontinuous Kinetics	Runtime 3:00:00 (D:HH:MM), Interval 0:00:15, 289 Reads
Eject plate on completion	
Set Temperature	Setpoint 25°C
	Preheat before moving to next step
Read	Absorbance Endpoint
	Full Plate
	Wavelengths:  600
	Read Speed: Normal,  Delay: 100 msec,  Measurements/Data Point: 8
Shake	Linear: 15:00 (MM:SS)
	Frequency: 567 cpm (3 mm)

Layout
	1	2	3	4	5	6	7	8
A	SPL1	SPL9	SPL17	SPL25	SPL33	SPL41	SPL49	SPL57	Well ID
B	SPL2	SPL10	SPL18	SPL26	SPL34	SPL42	SPL50	SPL58	Well ID
C	SPL3	SPL11	SPL19	SPL27	SPL35	SPL43	SPL51	SPL59	Well ID
D	SPL4	SPL12	SPL20	SPL28	SPL36	SPL44	SPL52	SPL60	Well ID
E	SPL5	SPL13	SPL21	SPL29	SPL37	SPL45	SPL53	SPL61	Well ID
F	SPL6	SPL14	SPL22	SPL30	SPL38	SPL46	SPL54	SPL62	Well ID

600

Time	T° 600	A1	A2	A3	A4	A5	A6	A7	A8	B1	B2	B3	B4	B5	B6	B7	B8	C1	C2	C3	C4	C5	C6	C7	C8	D1	D2	D3	D4	D5	D6	D7	D8	E1	E2	E3	E4	E5	E6	E7	E8	F1	F2	F3	F4	F5	F6	F7	F8
0:00:00	25.0	0.054	0.043	0.051	0.064	0.045	0.044	0.058	0.041	0.040	0.042	0.042	0.056	0.042	0.053	0.062	0.041	0.045	0.059	0.042	0.069	0.057	0.040	0.042	0.042	0.043	0.044	0.042	0.044	0.044	0.055	0.046	0.041	0.052	0.043	0.044	0.060	0.041	0.057	0.042	0.045	0.043	0.046	0.042	0.058	0.043	0.041	0.045	0.057
0:15:44	25.0	0.056	0.045	0.055	0.062	0.044	0.043	0.054	0.041	0.041	0.044	0.042	0.055	0.042	0.056	0.059	0.041	0.046	0.060	0.042	0.059	0.060	0.040	0.042	0.043	0.044	0.043	0.042	0.046	0.044	0.059	0.046	0.041	0.054	0.042	0.044	0.067	0.042	0.055	0.043	0.046	0.043	0.044	0.042	0.060	0.041	0.043	0.044	0.056
0:31:26	25.1	0.057	0.044	0.054	0.063	0.045	0.043	0.054	0.041	0.041	0.044	0.042	0.055	0.041	0.057	0.060	0.041	0.047	0.060	0.042	0.060	0.060	0.040	0.042	0.043	0.043	0.043	0.042	0.046	0.044	0.060	0.046	0.040	0.054	0.042	0.044	0.068	0.041	0.055	0.042	0.046	0.043	0.045	0.042	0.060	0.042	0.044	0.044	0.058
0:47:09	25.0	0.057	0.045	0.055	0.064	0.045	0.043	0.054	0.041	0.040	0.044	0.042	0.056	0.041	0.058	0.062	0.042	0.047	0.061	0.042	0.061	0.061	0.040	0.042	0.044	0.043	0.043	0.042	0.046	0.044	0.062	0.046	0.040	0.054	0.042	0.044	0.069	0.041	0.056	0.042	0.046	0.043	0.044	0.042	0.060	0.042	0.044	0.045	0.059
1:02:51	25.0	0.057	0.045	0.055	0.065	0.045	0.044	0.054	0.041	0.041	0.044	0.043	0.056	0.041	0.059	0.063	0.041	0.051	0.063	0.042	0.063	0.063	0.041	0.042	0.044	0.043	0.044	0.043	0.046	0.044	0.063	0.046	0.041	0.055	0.042	0.045	0.069	0.050	0.056	0.042	0.046	0.043	0.044	0.042	0.060	0.042	0.044	0.045	0.060
1:18:34	25.0	0.057	0.045	0.055	0.066	0.046	0.044	0.055	0.041	0.040	0.044	0.043	0.056	0.041	0.060	0.064	0.042	0.047	0.064	0.042	0.063	0.063	0.041	0.043	0.044	0.044	0.044	0.043	0.047	0.044	0.064	0.047	0.040	0.055	0.042	0.045	0.069	0.041	0.056	0.043	0.047	0.043	0.044	0.042	0.060	0.042	0.044	0.045	0.061
1:34:16	25.0	0.058	0.046	0.055	0.067	0.046	0.044	0.055	0.042	0.041	0.044	0.043	0.056	0.041	0.061	0.065	0.041	0.047	0.064	0.042	0.065	0.065	0.041	0.043	0.046	0.043	0.044	0.043	0.047	0.045	0.065	0.047	0.041	0.055	0.042	0.045	0.069	0.042	0.056	0.043	0.046	0.044	0.044	0.042	0.061	0.042	0.044	0.045	0.061
1:49:58	25.0	0.058	0.046	0.056	0.068	0.046	0.045	0.055	0.042	0.041	0.045	0.043	0.056	0.042	0.062	0.066	0.041	0.047	0.066	0.042	0.066	0.065	0.041	0.043	0.044	0.043	0.045	0.043	0.047	0.045	0.066	0.047	0.041	0.055	0.043	0.045	0.069	0.042	0.057	0.043	0.047	0.044	0.044	0.042	0.061	0.042	0.045	0.045	0.062
2:05:41	25.0	0.058	0.047	0.056	0.070	0.047	0.046	0.055	0.042	0.041	0.045	0.043	0.057	0.042	0.063	0.067	0.041	0.048	0.067	0.043	0.067	0.066	0.041	0.043	0.045	0.044	0.045	0.043	0.047	0.046	0.067	0.047	0.041	0.056	0.043	0.046	0.070	0.042	0.057	0.043	0.047	0.044	0.045	0.042	0.062	0.042	0.045	0.046	0.064
2:21:23	25.0	0.059	0.047	0.056	0.071	0.047	0.046	0.056	0.043	0.041	0.045	0.043	0.058	0.042	0.065	0.071	0.042	0.048	0.069	0.043	0.069	0.068	0.041	0.043	0.044	0.044	0.045	0.044	0.048	0.046	0.069	0.047	0.041	0.056	0.043	0.046	0.070	0.042	0.057	0.043	0.048	0.045	0.045	0.043	0.062	0.043	0.046	0.046	0.065
2:37:06	25.1	0.059	0.048	0.056	0.074	0.048	0.046	0.056	0.043	0.042	0.045	0.043	0.058	0.043	0.067	0.071	0.042	0.049	0.071	0.044	0.071	0.070	0.042	0.044	0.045	0.044	0.046	0.044	0.048	0.047	0.071	0.047	0.041	0.056	0.044	0.047	0.071	0.042	0.058	0.044	0.048	0.045	0.045	0.043	0.062	0.043	0.047	0.047	0.067
2:52:49	25.0	0.060	0.049	0.057	0.076	0.048	0.046	0.056	0.043	0.042	0.045	0.044	0.059	0.043	0.069	0.073	0.042	0.049	0.073	0.044	0.073	0.072	0.042	0.044	0.045	0.044	0.047	0.045	0.048	0.047	0.074	0.047	0.041	0.056	0.044	0.048	0.072	0.042	0.059	0.044	0.049	0.046	0.045	0.044	0.063	0.043	0.047	0.047	0.069
3:08:31	25.1	0.061	0.049	0.057	0.079	0.049	0.047	0.056	0.043	0.043	0.045	0.044	0.059	0.044	0.072	0.076	0.042	0.049	0.077	0.044	0.077	0.076	0.043	0.045	0.045	0.044	0.047	0.045	0.049	0.048	0.077	0.048	0.041	0.057	0.045	0.049	0.072	0.042	0.060	0.045	0.049	0.047	0.045	0.044	0.063	0.044	0.048	0.047	0.072
3:24:14	25.1	0.062	0.051	0.058	0.083	0.050	0.048	0.057	0.044	0.043	0.046	0.045	0.060	0.045	0.075	0.080	0.042	0.050	0.081	0.045	0.081	0.079	0.043	0.045	0.045	0.045	0.048	0.045	0.049	0.049	0.081	0.048	0.041	0.057	0.045	0.050	0.074	0.043	0.060	0.045	0.049	0.048	0.046	0.045	0.064	0.044	0.049	0.047	0.075
3:39:56	25.1	0.062	0.052	0.058	0.087	0.051	0.049	0.057	0.044	0.044	0.046	0.045	0.061	0.045	0.080	0.084	0.042	0.050	0.085	0.046	0.085	0.084	0.044	0.045	0.045	0.044	0.049	0.046	0.049	0.050	0.086	0.048	0.041	0.058	0.046	0.051	0.075	0.043	0.061	0.046	0.049	0.049	0.046	0.045	0.065	0.045	0.051	0.048	0.080
3:55:39	25.1	0.063	0.054	0.059	0.092	0.052	0.049	0.058	0.045	0.045	0.047	0.046	0.061	0.046	0.083	0.089	0.043	0.051	0.090	0.047	0.090	0.088	0.044	0.046	0.046	0.045	0.050	0.046	0.050	0.051	0.091	0.048	0.042	0.059	0.047	0.054	0.076	0.043	0.062	0.047	0.050	0.049	0.046	0.047	0.066	0.045	0.053	0.048	0.085
4:11:21	25.1	0.064	0.056	0.060	0.097	0.055	0.050	0.059	0.046	0.045	0.046	0.047	0.063	0.048	0.089	0.094	0.043	0.051	0.096	0.048	0.096	0.097	0.045	0.047	0.046	0.045	0.051	0.047	0.050	0.052	0.096	0.049	0.042	0.060	0.048	0.055	0.078	0.044	0.063	0.047	0.050	0.050	0.046	0.046	0.068	0.046	0.055	0.049	0.090
4:27:04	25.1	0.066	0.058	0.061	0.102	0.056	0.051	0.060	0.046	0.047	0.047	0.047	0.064	0.049	0.094	0.099	0.043	0.052	0.101	0.049	0.101	0.100	0.046	0.047	0.046	0.045	0.053	0.048	0.051	0.053	0.102	0.049	0.042	0.060	0.051	0.058	0.081	0.044	0.064	0.049	0.051	0.051	0.047	0.048	0.068	0.047	0.057	0.049	0.096
4:42:46	25.1	0.067	0.061	0.062	0.107	0.060	0.052	0.060	0.047	0.051	0.047	0.048	0.065	0.050	0.099	0.104	0.044	0.053	0.107	0.050	0.106	0.106	0.047	0.048	0.047	0.046	0.053	0.049	0.051	0.055	0.108	0.049	0.043	0.061	0.052	0.061	0.082	0.045	0.066	0.049	0.051	0.053	0.047	0.050	0.070	0.048	0.060	0.050	0.101
4:58:29	25.0	0.068	0.064	0.063	0.112	0.062	0.054	0.061	0.047	0.051	0.047	0.049	0.067	0.053	0.105	0.110	0.044	0.053	0.114	0.052	0.113	0.112	0.049	0.049	0.047	0.047	0.056	0.050	0.052	0.057	0.115	0.050	0.043	0.063	0.055	0.065	0.084	0.045	0.068	0.051	0.052	0.054	0.047	0.052	0.071	0.049	0.064	0.050	0.107
5:14:12	25.1	0.070	0.069	0.065	0.120	0.066	0.056	0.063	0.049	0.054	0.048	0.050	0.068	0.057	0.112	0.117	0.045	0.053	0.120	0.054	0.119	0.120	0.051	0.050	0.047	0.047	0.058	0.051	0.053	0.058	0.123	0.050	0.044	0.064	0.059	0.070	0.088	0.047	0.068	0.052	0.052	0.057	0.048	0.055	0.073	0.051	0.068	0.051	0.113
5:29:54	25.1	0.072	0.074	0.066	0.127	0.071	0.058	0.064	0.049	0.058	0.048	0.051	0.070	0.061	0.120	0.124	0.046	0.054	0.128	0.057	0.127	0.128	0.052	0.051	0.048	0.048	0.060	0.052	0.053	0.060	0.132	0.050	0.044	0.066	0.063	0.075	0.090	0.048	0.070	0.054	0.053	0.059	0.048	0.059	0.075	0.052	0.073	0.051	0.121
5:45:37	25.1	0.074	0.079	0.068	0.134	0.076	0.060	0.066	0.051	0.063	0.049	0.052	0.072	0.067	0.127	0.132	0.049	0.055	0.136	0.059	0.137	0.137	0.055	0.052	0.048	0.049	0.062	0.054	0.054	0.063	0.141	0.051	0.045	0.068	0.068	0.081	0.094	0.048	0.072	0.057	0.053	0.061	0.049	0.064	0.076	0.055	0.078	0.052	0.129
6:01:19	25.1	0.076	0.086	0.070	0.143	0.082	0.063	0.068	0.053	0.068	0.050	0.054	0.074	0.072	0.137	0.140	0.047	0.056	0.146	0.063	0.145	0.147	0.058	0.054	0.049	0.050	0.066	0.056	0.055	0.066	0.151	0.051	0.046	0.070	0.074	0.087	0.098	0.049	0.075	0.059	0.054	0.064	0.049	0.070	0.078	0.057	0.085	0.053	0.138
6:17:02	25.1	0.078	0.092	0.072	0.151	0.089	0.067	0.070	0.054	0.074	0.050	0.056	0.076	0.079	0.146	0.150	0.049	0.056	0.156	0.066	0.156	0.158	0.060	0.056	0.050	0.051	0.069	0.057	0.056	0.070	0.163	0.052	0.047	0.072	0.081	0.095	0.102	0.051	0.077	0.063	0.055	0.068	0.050	0.075	0.081	0.060	0.092	0.053	0.147
6:32:44	25.1	0.081	0.100	0.075	0.161	0.097	0.070	0.072	0.056	0.081	0.050	0.058	0.079	0.086	0.158	0.160	0.050	0.058	0.167	0.070	0.166	0.170	0.064	0.058	0.050	0.053	0.074	0.060	0.056	0.075	0.175	0.053	0.048	0.074	0.088	0.103	0.107	0.053	0.080	0.066	0.056	0.072	0.051	0.081	0.084	0.064	0.100	0.054	0.158
6:48:27	25.1	0.084	0.110	0.078	0.172	0.106	0.074	0.074	0.058	0.088	0.051	0.061	0.082	0.095	0.169	0.170	0.052	0.058	0.179	0.075	0.178	0.182	0.069	0.061	0.050	0.054	0.079	0.063	0.057	0.080	0.189	0.053	0.050	0.076	0.097	0.114	0.112	0.058	0.083	0.070	0.057	0.077	0.051	0.089	0.086	0.068	0.110	0.055	0.169
7:04:09	25.1	0.088	0.121	0.081	0.184	0.115	0.080	0.077	0.061	0.097	0.052	0.063	0.085	0.105	0.182	0.182	0.053	0.059	0.193	0.082	0.192	0.197	0.074	0.063	0.051	0.056	0.085	0.066	0.058	0.086	0.203	0.054	0.051	0.079	0.108	0.127	0.117	0.057	0.085	0.075	0.058	0.082	0.052	0.098	0.089	0.072	0.121	0.056	0.182
7:19:52	25.1	0.091	0.135	0.084	0.199	0.129	0.086	0.080	0.063	0.108	0.053	0.067	0.088	0.117	0.197	0.197	0.056	0.060	0.209	0.089	0.208	0.212	0.080	0.067	0.052	0.059	0.093	0.069	0.059	0.094	0.219	0.055	0.054	0.082	0.120	0.142	0.124	0.060	0.088	0.082	0.059	0.089	0.052	0.109	0.093	0.078	0.135	0.057	0.196
7:35:34	25.1	0.093	0.149	0.086	0.216	0.141	0.093	0.083	0.068	0.120	0.054	0.071	0.091	0.131	0.212	0.213	0.060	0.061	0.226	0.099	0.225	0.231	0.088	0.071	0.053	0.062	0.101	0.074	0.060	0.102	0.237	0.056	0.056	0.085	0.135	0.158	0.130	0.063	0.092	0.089	0.060	0.098	0.054	0.121	0.096	0.085	0.151	0.058	0.211
7:51:17	25.1	0.097	0.169	0.090	0.234	0.161	0.101	0.086	0.070	0.135	0.055	0.075	0.095	0.147	0.230	0.229	0.061	0.063	0.244	0.109	0.243	0.249	0.097	0.075	0.054	0.065	0.112	0.079	0.062	0.112	0.259	0.057	0.058	0.088	0.152	0.180	0.137	0.067	0.096	0.098	0.061	0.108	0.054	0.136	0.099	0.093	0.170	0.059	0.228
8:06:59	25.1	0.101	0.191	0.094	0.251	0.182	0.112	0.089	0.074	0.153	0.056	0.081	0.099	0.167	0.247	0.248	0.065	0.064	0.265	0.121	0.264	0.269	0.107	0.081	0.055	0.069	0.124	0.085	0.063	0.124	0.280	0.058	0.062	0.092	0.172	0.205	0.144	0.071	0.099	0.108	0.062	0.118	0.056	0.153	0.103	0.103	0.193	0.060	0.247
8:22:42	25.1	0.105	0.216	0.098	0.270	0.205	0.123	0.093	0.080	0.172	0.057	0.087	0.103	0.190	0.268	0.268	0.068	0.065	0.286	0.135	0.286	0.291	0.119	0.087	0.056	0.073	0.137	0.091	0.065	0.138	0.302	0.059	0.066	0.097	0.196	0.232	0.153	0.077	0.104	0.120	0.064	0.132	0.056	0.173	0.107	0.114	0.220	0.061	0.267
8:38:24	25.1	0.110	0.246	0.105	0.294	0.234	0.137	0.098	0.086	0.196	0.058	0.094	0.108	0.216	0.288	0.290	0.074	0.067	0.311	0.150	0.312	0.314	0.132	0.094	0.057	0.078	0.153	0.100	0.066	0.154	0.327	0.060	0.069	0.101	0.223	0.263	0.163	0.089	0.109	0.134	0.065	0.147	0.057	0.197	0.113	0.127	0.248	0.063	0.289
8:54:07	25.1	0.115	0.277	0.108	0.319	0.266	0.152	0.103	0.093	0.225	0.059	0.102	0.113	0.245	0.313	0.314	0.079	0.068	0.337	0.168	0.337	0.340	0.148	0.103	0.057	0.084	0.170	0.109	0.067	0.171	0.355	0.061	0.074	0.107	0.252	0.295	0.172	0.090	0.115	0.149	0.066	0.163	0.058	0.224	0.117	0.142	0.282	0.064	0.313
9:09:49	25.1	0.121	0.312	0.114	0.345	0.298	0.168	0.108	0.101	0.255	0.060	0.112	0.119	0.277	0.336	0.340	0.085	0.069	0.364	0.188	0.365	0.367	0.166	0.112	0.059	0.091	0.189	0.118	0.069	0.191	0.383	0.062	0.080	0.112	0.283	0.323	0.184	0.098	0.121	0.165	0.068	0.182	0.059	0.254	0.124	0.158	0.315	0.066	0.338
9:25:32	25.1	0.127	0.346	0.121	0.371	0.334	0.188	0.114	0.110	0.289	0.061	0.123	0.126	0.300	0.362	0.367	0.093	0.070	0.394	0.208	0.395	0.397	0.185	0.123	0.060	0.100	0.212	0.132	0.071	0.212	0.413	0.064	0.087	0.119	0.313	0.340	0.195	0.108	0.127	0.186	0.070	0.203	0.060	0.285	0.130	0.176	0.346	0.067	0.365
9:41:15	25.1	0.133	0.365	0.128	0.401	0.352	0.209	0.121	0.122	0.323	0.063	0.137	0.134	0.318	0.390	0.399	0.101	0.073	0.426	0.232	0.428	0.426	0.206	0.136	0.061	0.109	0.235	0.146	0.073	0.237	0.447	0.065	0.095	0.126	0.328	0.360	0.209	0.120	0.135	0.207	0.072	0.227	0.061	0.317	0.138	0.197	0.366	0.068	0.394
9:56:57	25.1	0.141	0.383	0.137	0.434	0.371	0.232	0.128	0.132	0.352	0.064	0.153	0.142	0.339	0.419	0.428	0.111	0.074	0.461	0.257	0.463	0.458	0.230	0.152	0.063	0.121	0.260	0.163	0.075	0.263	0.482	0.067	0.104	0.135	0.346	0.379	0.222	0.133	0.143	0.231	0.074	0.252	0.063	0.341	0.146	0.220	0.381	0.070	0.424
10:12:40	25.1	0.150	0.416	0.145	0.468	0.390	0.258	0.136	0.148	0.364	0.066	0.169	0.151	0.357	0.451	0.464	0.123	0.078	0.499	0.277	0.501	0.497	0.254	0.168	0.064	0.134	0.288	0.180	0.078	0.290	0.521	0.068	0.115	0.144	0.362	0.395	0.236	0.148	0.153	0.258	0.076	0.282	0.064	0.355	0.156	0.245	0.397	0.073	0.458
10:28:22	25.1	0.159	0.433	0.155	0.507	0.407	0.284	0.145	0.164	0.379	0.067	0.188	0.162	0.371	0.486	0.500	0.137	0.079	0.540	0.292	0.544	0.531	0.274	0.186	0.065	0.149	0.309	0.200	0.081	0.312	0.562	0.071	0.129	0.153	0.376	0.411	0.251	0.165	0.163	0.284	0.079	0.313	0.066	0.371	0.166	0.274	0.412	0.075	0.493
10:44:05	25.1	0.170	0.447	0.166	0.547	0.420	0.310	0.154	0.179	0.391	0.069	0.208	0.172	0.386	0.523	0.540	0.152	0.082	0.583	0.313	0.586	0.573	0.292	0.207	0.068	0.166	0.328	0.222	0.083	0.332	0.603	0.071	0.142	0.164	0.390	0.424	0.267	0.183	0.175	0.304	0.083	0.343	0.069	0.383	0.177	0.300	0.427	0.077	0.532
10:59:47	25.1	0.180	0.466	0.176	0.589	0.432	0.329	0.164	0.201	0.403	0.070	0.230	0.185	0.398	0.562	0.582	0.169	0.085	0.628	0.336	0.632	0.613	0.311	0.229	0.069	0.184	0.349	0.245	0.088	0.354	0.648	0.075	0.158	0.175	0.403	0.440	0.282	0.202	0.187	0.319	0.085	0.369	0.069	0.396	0.189	0.319	0.442	0.080	0.572
11:15:30	25.1	0.193	0.475	0.190	0.633	0.444	0.349	0.175	0.218	0.415	0.073	0.254	0.199	0.411	0.601	0.627	0.188	0.089	0.675	0.359	0.679	0.654	0.332	0.252	0.071	0.204	0.373	0.269	0.091	0.380	0.692	0.075	0.175	0.187	0.416	0.454	0.301	0.224	0.201	0.337	0.089	0.393	0.071	0.409	0.203	0.333	0.452	0.083	0.614
11:31:12	25.1	0.207	0.485	0.202	0.682	0.459	0.373	0.187	0.245	0.429	0.075	0.277	0.214	0.421	0.642	0.672	0.206	0.093	0.721	0.381	0.726	0.694	0.355	0.275	0.072	0.226	0.399	0.292	0.096	0.407	0.734	0.078	0.194	0.200	0.428	0.470	0.316	0.246	0.216	0.360	0.092	0.415	0.074	0.423	0.218	0.352	0.469	0.087	0.656
11:46:55	25.1	0.222	0.508	0.215	0.725	0.474	0.397	0.199	0.263	0.444	0.077	0.301	0.230	0.436	0.683	0.718	0.227	0.097	0.768	0.395	0.773	0.735	0.376	0.299	0.075	0.249	0.423	0.311	0.100	0.433	0.778	0.082	0.215	0.214	0.441	0.492	0.334	0.266	0.233	0.381	0.097	0.432	0.076	0.436	0.234	0.373	0.489	0.090	0.701
12:02:37	25.1	0.239	0.532	0.229	0.772	0.493	0.423	0.212	0.286	0.455	0.081	0.321	0.248	0.452	0.723	0.764	0.249	0.100	0.813	0.416	0.820	0.777	0.390	0.320	0.077	0.270	0.436	0.326	0.104	0.447	0.820	0.083	0.236	0.228	0.461	0.513	0.353	0.286	0.251	0.400	0.100	0.449	0.079	0.448	0.252	0.392	0.514	0.094	0.744
12:18:20	25.0	0.256	0.558	0.242	0.818	0.519	0.441	0.226	0.308	0.473	0.086	0.335	0.268	0.473	0.765	0.812	0.267	0.105	0.856	0.438	0.863	0.816	0.408	0.337	0.081	0.292	0.461	0.343	0.109	0.479	0.859	0.086	0.257	0.242	0.485	0.540	0.372	0.299	0.271	0.411	0.106	0.465	0.081	0.467	0.273	0.406	0.536	0.098	0.785
12:34:02	25.1	0.276	0.585	0.258	0.862	0.550	0.456	0.240	0.331	0.497	0.087	0.354	0.290	0.499	0.805	0.856	0.288	0.112	0.901	0.466	0.908	0.853	0.431	0.353	0.085	0.315	0.489	0.363	0.114	0.503	0.900	0.090	0.279	0.256	0.511	0.568	0.391	0.315	0.293	0.430	0.113	0.479	0.084	0.491	0.293	0.418	0.563	0.104	0.827
12:49:44	25.1	0.296	0.611	0.274	0.907	0.567	0.490	0.255	0.351	0.523	0.092	0.373	0.314	0.524	0.841	0.900	0.309	0.119	0.944	0.497	0.953	0.891	0.455	0.372	0.087	0.337	0.519	0.382	0.120	0.537	0.940	0.096	0.301	0.273	0.538	0.596	0.414	0.332	0.317	0.454	0.118	0.500	0.088	0.517	0.317	0.442	0.591	0.109	0.866
13:05:27	25.1	0.319	0.647	0.290	0.951	0.596	0.525	0.270	0.367	0.548	0.094	0.392	0.339	0.553	0.879	0.944	0.326	0.123	0.987	0.532	0.996	0.929	0.486	0.390	0.092	0.356	0.553	0.399	0.128	0.569	0.979	0.099	0.324	0.289	0.567	0.626	0.430	0.348	0.343	0.483	0.123	0.534	0.093	0.543	0.342	0.468	0.619	0.116	0.907
13:21:10	25.1	0.343	0.668	0.307	0.992	0.625	0.559	0.286	0.384	0.577	0.100	0.407	0.367	0.582	0.917	0.987	0.340	0.129	1.027	0.560	1.036	0.966	0.519	0.408	0.097	0.373	0.577	0.409	0.134	0.593	1.015	0.100	0.343	0.306	0.596	0.655	0.449	0.364	0.370	0.517	0.131	0.571	0.096	0.572	0.370	0.500	0.649	0.122	0.948
13:36:52	25.1	0.371	0.709	0.324	1.034	0.652	0.585	0.302	0.401	0.606	0.112	0.416	0.396	0.609	0.955	1.027	0.353	0.135	1.063	0.586	1.067	1.000	0.548	0.417	0.102	0.385	0.606	0.429	0.140	0.623	1.048	0.109	0.359	0.324	0.626	0.682	0.468	0.376	0.400	0.551	0.138	0.607	0.101	0.599	0.400	0.535	0.677	0.127	0.987
13:52:35	25.1	0.396	0.732	0.342	1.068	0.686	0.615	0.319	0.418	0.636	0.111	0.438	0.427	0.641	0.990	1.061	0.366	0.141	1.067	0.614	1.067	1.030	0.576	0.436	0.106	0.398	0.630	0.452	0.150	0.642	1.063	0.111	0.373	0.341	0.654	0.699	0.490	0.386	0.430	0.582	0.145	0.626	0.106	0.628	0.430	0.571	0.696	0.135	1.025
14:08:17	25.1	0.424	0.743	0.361	1.075	0.705	0.647	0.337	0.432	0.660	0.114	0.461	0.459	0.664	1.022	1.061	0.379	0.148	1.068	0.630	1.068	1.035	0.605	0.461	0.111	0.412	0.642	0.478	0.155	0.657	1.065	0.119	0.390	0.360	0.671	0.714	0.504	0.405	0.463	0.607	0.153	0.653	0.111	0.652	0.462	0.593	0.709	0.141	1.060
14:24:00	25.1	0.455	0.769	0.379	1.075	0.721	0.663	0.354	0.450	0.678	0.119	0.489	0.492	0.680	1.032	1.062	0.392	0.157	1.066	0.642	1.065	1.038	0.623	0.487	0.118	0.431	0.656	0.508	0.164	0.669	1.066	0.123	0.399	0.378	0.685	0.727	0.521	0.429	0.495	0.634	0.162	0.671	0.117	0.670	0.495	0.618	0.723	0.150	1.068
14:39:42	25.1	0.485	0.766	0.398	1.075	0.737	0.678	0.373	0.475	0.692	0.123	0.517	0.526	0.693	1.036	1.059	0.409	0.167	1.065	0.652	1.063	1.041	0.636	0.517	0.122	0.452	0.667	0.538	0.173	0.678	1.067	0.130	0.417	0.397	0.697	0.737	0.537	0.456	0.529	0.648	0.172	0.686	0.127	0.684	0.530	0.637	0.733	0.157	1.072
14:55:25	25.1	0.517	0.776	0.418	1.074	0.745	0.687	0.391	0.502	0.703	0.134	0.550	0.560	0.705	1.039	1.058	0.429	0.173	1.063	0.658	1.063	1.040	0.647	0.547	0.128	0.478	0.670	0.564	0.183	0.684	1.067	0.138	0.438	0.416	0.709	0.745	0.553	0.485	0.563	0.663	0.181	0.699	0.128	0.696	0.562	0.651	0.740	0.167	1.075
15:11:07	25.1	0.547	0.779	0.437	1.073	0.753	0.696	0.411	0.530	0.712	0.139	0.576	0.595	0.715	1.039	1.056	0.455	0.184	1.063	0.664	1.063	1.040	0.655	0.576	0.136	0.506	0.677	0.585	0.192	0.688	1.068	0.146	0.462	0.435	0.716	0.752	0.567	0.517	0.596	0.675	0.191	0.709	0.134	0.706	0.596	0.665	0.746	0.176	1.076
15:26:50	25.1	0.581	0.787	0.456	1.072	0.766	0.700	0.429	0.560	0.720	0.144	0.597	0.628	0.722	1.040	1.056	0.483	0.194	1.063	0.669	1.063	1.041	0.659	0.594	0.141	0.534	0.682	0.603	0.205	0.694	1.067	0.156	0.489	0.453	0.722	0.757	0.582	0.547	0.630	0.684	0.201	0.719	0.141	0.713	0.632	0.674	0.751	0.186	1.077
15:42:32	25.1	0.612	0.791	0.474	1.072	0.765	0.706	0.448	0.587	0.725	0.154	0.610	0.661	0.727	1.041	1.057	0.512	0.207	1.063	0.677	1.063	1.040	0.666	0.610	0.148	0.563	0.687	0.615	0.220	0.698	1.067	0.166	0.518	0.470	0.727	0.756	0.595	0.570	0.663	0.691	0.213	0.720	0.149	0.719	0.666	0.681	0.751	0.196	1.077
15:58:15	25.1	0.641	0.788	0.490	1.072	0.770	0.709	0.466	0.603	0.729	0.169	0.623	0.698	0.733	1.042	1.057	0.541	0.219	1.064	0.680	1.064	1.041	0.672	0.622	0.156	0.584	0.687	0.627	0.234	0.699	1.066	0.189	0.546	0.487	0.730	0.758	0.611	0.587	0.700	0.697	0.227	0.719	0.158	0.724	0.701	0.688	0.750	0.209	1.079
16:13:57	25.1	0.675	0.784	0.506	1.073	0.772	0.717	0.483	0.625	0.729	0.173	0.632	0.733	0.736	1.042	1.058	0.568	0.234	1.065	0.680	1.063	1.040	0.676	0.632	0.171	0.597	0.688	0.629	0.259	0.700	1.066	0.186	0.569	0.502	0.730	0.759	0.625	0.599	0.735	0.700	0.240	0.714	0.165	0.727	0.738	0.694	0.751	0.222	1.077
16:29:40	25.1	0.709	0.786	0.522	1.074	0.772	0.719	0.499	0.635	0.729	0.184	0.635	0.765	0.736	1.042	1.059	0.583	0.250	1.065	0.682	1.065	1.040	0.679	0.636	0.176	0.609	0.686	0.633	0.274	0.697	1.065	0.207	0.589	0.518	0.730	0.759	0.642	0.609	0.765	0.700	0.257	0.712	0.175	0.727	0.771	0.698	0.751	0.238	1.079
16:45:22	25.1	0.741	0.786	0.537	1.075	0.770	0.719	0.515	0.638	0.729	0.212	0.636	0.798	0.735	1.043	1.060	0.597	0.268	1.066	0.676	1.065	1.041	0.679	0.637	0.189	0.621	0.682	0.635	0.282	0.693	1.066	0.214	0.600	0.532	0.730	0.760	0.655	0.617	0.797	0.699	0.274	0.707	0.186	0.727	0.802	0.698	0.750	0.253	1.079
17:01:05	25.1	0.770	0.783	0.551	1.076	0.770	0.717	0.530	0.639	0.729	0.211	0.640	0.827	0.735	1.043	1.061	0.607	0.278	1.066	0.674	1.065	1.040	0.678	0.639	0.198	0.624	0.678	0.638	0.293	0.692	1.067	0.227	0.613	0.546	0.730	0.760	0.674	0.618	0.824	0.696	0.290	0.706	0.196	0.727	0.833	0.695	0.748	0.274	1.078
17:16:47	25.1	0.799	0.782	0.565	1.078	0.771	0.715	0.544	0.639	0.728	0.233	0.642	0.857	0.735	1.042	1.062	0.616	0.289	1.068	0.670	1.065	1.040	0.673	0.643	0.210	0.627	0.678	0.641	0.303	0.689	1.067	0.249	0.621	0.560	0.730	0.760	0.684	0.622	0.852	0.693	0.302	0.702	0.207	0.728	0.861	0.692	0.747	0.284	1.078
17:32:30	25.1	0.824	0.781	0.581	1.078	0.774	0.708	0.558	0.640	0.728	0.237	0.647	0.884	0.736	1.043	1.063	0.620	0.299	1.068	0.667	1.066	1.041	0.670	0.648	0.223	0.630	0.675	0.646	0.313	0.685	1.067	0.259	0.624	0.574	0.730	0.758	0.697	0.622	0.879	0.690	0.313	0.700	0.221	0.727	0.889	0.689	0.747	0.296	1.077
17:48:12	25.1	0.853	0.763	0.596	1.080	0.762	0.705	0.571	0.643	0.728	0.246	0.650	0.911	0.736	1.044	1.063	0.620	0.309	1.069	0.665	1.068	1.042	0.668	0.650	0.236	0.633	0.671	0.650	0.323	0.683	1.067	0.275	0.628	0.589	0.729	0.757	0.713	0.626	0.905	0.688	0.325	0.698	0.234	0.726	0.914	0.686	0.744	0.306	1.077
18:03:55	25.1	0.880	0.779	0.612	1.081	0.769	0.702	0.587	0.643	0.726	0.266	0.652	0.936	0.734	1.043	1.065	0.623	0.319	1.071	0.662	1.069	1.042	0.665	0.654	0.249	0.636	0.671	0.651	0.334	0.681	1.068	0.283	0.631	0.604	0.728	0.755	0.729	0.630	0.929	0.685	0.335	0.694	0.245	0.724	0.942	0.683	0.743	0.318	1.078
18:19:38	25.1	0.907	0.775	0.627	1.083	0.767	0.699	0.603	0.649	0.725	0.278	0.654	0.959	0.735	1.045	1.067	0.626	0.328	1.072	0.660	1.069	1.043	0.663	0.656	0.257	0.640	0.669	0.654	0.344	0.679	1.069	0.306	0.635	0.619	0.726	0.753	0.743	0.633	0.953	0.683	0.346	0.691	0.254	0.723	0.964	0.681	0.741	0.330	1.079
18:35:20	25.1	0.929	0.773	0.643	1.083	0.759	0.699	0.616	0.653	0.722	0.274	0.656	0.981	0.732	1.046	1.068	0.628	0.339	1.073	0.658	1.071	1.043	0.660	0.659	0.270	0.643	0.666	0.656	0.354	0.677	1.070	0.311	0.637	0.633	0.725	0.752	0.759	0.636	0.973	0.682	0.357	0.688	0.262	0.721	0.987	0.679	0.739	0.341	1.080
18:51:03	25.1	0.950	0.768	0.657	1.086	0.761	0.696	0.631	0.655	0.720	0.283	0.659	1.002	0.731	1.047	1.070	0.634	0.348	1.074	0.656	1.072	1.044	0.658	0.661	0.276	0.646	0.665	0.657	0.365	0.675	1.071	0.322	0.642	0.648	0.722	0.750	0.775	0.640	0.993	0.680	0.369	0.685	0.271	0.719	1.009	0.681	0.737	0.352	1.081
19:06:45	25.1	0.977	0.749	0.673	1.086	0.762	0.694	0.645	0.655	0.716	0.292	0.661	1.022	0.729	1.047	1.071	0.638	0.359	1.076	0.655	1.073	1.046	0.656	0.664	0.300	0.649	0.664	0.658	0.377	0.674	1.070	0.336	0.645	0.662	0.720	0.748	0.790	0.640	1.013	0.678	0.380	0.681	0.279	0.716	1.030	0.675	0.734	0.364	1.082
19:22:28	25.1	0.993	0.748	0.687	1.088	0.758	0.692	0.660	0.659	0.718	0.301	0.662	1.040	0.727	1.048	1.073	0.642	0.370	1.078	0.653	1.075	1.045	0.654	0.664	0.301	0.652	0.660	0.659	0.387	0.673	1.073	0.350	0.647	0.676	0.719	0.745	0.805	0.643	1.031	0.678	0.392	0.678	0.287	0.714	1.043	0.673	0.733	0.377	1.081
19:38:10	25.1	1.019	0.744	0.702	1.090	0.751	0.688	0.674	0.658	0.712	0.311	0.664	1.044	0.725	1.049	1.075	0.646	0.381	1.080	0.651	1.077	1.046	0.653	0.664	0.302	0.653	0.660	0.660	0.398	0.671	1.072	0.365	0.649	0.691	0.718	0.743	0.820	0.644	1.035	0.675	0.403	0.676	0.295	0.713	1.047	0.671	0.731	0.389	1.089
19:53:53	25.1	1.033	0.742	0.718	1.093	0.753	0.688	0.688	0.658	0.713	0.321	0.664	1.048	0.723	1.049	1.078	0.647	0.391	1.082	0.649	1.078	1.048	0.652	0.667	0.335	0.653	0.657	0.660	0.409	0.669	1.073	0.380	0.650	0.706	0.717	0.742	0.835	0.645	1.039	0.673	0.415	0.671	0.304	0.710	1.051	0.670	0.729	0.403	1.085
20:09:35	25.1	1.039	0.738	0.734	1.094	0.752	0.685	0.704	0.657	0.712	0.335	0.665	1.052	0.722	1.051	1.080	0.649	0.402	1.084	0.652	1.080	1.048	0.650	0.666	0.350	0.654	0.655	0.661	0.419	0.668	1.075	0.397	0.650	0.721	0.715	0.739	0.849	0.646	1.045	0.671	0.426	0.668	0.313	0.709	1.057	0.668	0.727	0.418	1.087
20:25:18	25.0	1.045	0.737	0.750	1.098	0.751	0.684	0.718	0.657	0.710	0.339	0.666	1.057	0.720	1.052	1.082	0.650	0.411	1.087	0.647	1.082	1.049	0.649	0.667	0.330	0.655	0.653	0.662	0.428	0.665	1.075	0.413	0.652	0.736	0.714	0.739	0.863	0.653	1.047	0.669	0.438	0.665	0.322	0.708	1.063	0.666	0.724	0.431	1.090
20:41:00	25.1	1.051	0.749	0.767	1.099	0.748	0.680	0.733	0.658	0.705	0.348	0.668	1.061	0.720	1.053	1.085	0.651	0.422	1.089	0.645	1.085	1.049	0.647	0.668	0.341	0.658	0.652	0.664	0.437	0.663	1.076	0.429	0.653	0.751	0.712	0.738	0.878	0.646	1.053	0.666	0.449	0.664	0.331	0.707	1.067	0.664	0.721	0.445	1.089
20:56:43	25.1	1.056	0.746	0.782	1.102	0.748	0.677	0.748	0.658	0.708	0.357	0.667	1.064	0.718	1.054	1.088	0.652	0.431	1.090	0.643	1.087	1.050	0.646	0.671	0.349	0.657	0.648	0.665	0.445	0.660	1.077	0.449	0.652	0.767	0.711	0.736	0.890	0.647	1.055	0.663	0.458	0.660	0.340	0.704	1.069	0.660	0.720	0.458	1.089
21:12:25	25.1	1.061	0.735	0.797	1.104	0.740	0.675	0.764	0.656	0.702	0.365	0.668	1.067	0.716	1.055	1.091	0.652	0.439	1.092	0.640	1.088	1.051	0.644	0.671	0.359	0.658	0.646	0.666	0.454	0.659	1.076	0.468	0.652	0.782	0.709	0.734	0.903	0.648	1.058	0.659	0.468	0.658	0.348	0.703	1.072	0.658	0.717	0.471	1.092
21:28:08	25.1	1.068	0.732	0.814	1.107	0.744	0.670	0.778	0.655	0.705	0.374	0.669	1.070	0.716	1.056	1.092	0.653	0.448	1.095	0.639	1.091	1.052	0.642	0.673	0.367	0.659	0.646	0.667	0.463	0.656	1.078	0.489	0.653	0.797	0.709	0.733	0.912	0.650	1.060	0.657	0.477	0.656	0.356	0.701	1.076	0.655	0.717	0.486	1.092
21:43:50	25.1	1.067	0.740	0.829	1.108	0.743	0.666	0.794	0.656	0.702	0.383	0.669	1.073	0.714	1.057	1.095	0.653	0.456	1.097	0.636	1.092	1.052	0.639	0.671	0.380	0.661	0.642	0.665	0.471	0.654	1.078	0.513	0.654	0.811	0.708	0.731	0.914	0.651	1.064	0.653	0.486	0.653	0.364	0.700	1.078	0.652	0.715	0.501	1.093
21:59:33	25.1	1.076	0.742	0.843	1.111	0.739	0.665	0.809	0.655	0.698	0.391	0.670	1.074	0.713	1.057	1.098	0.654	0.464	1.099	0.635	1.095	1.052	0.636	0.669	0.404	0.661	0.639	0.663	0.481	0.652	1.079	0.524	0.654	0.825	0.707	0.732	0.916	0.651	1.067	0.651	0.496	0.651	0.373	0.699	1.077	0.650	0.712	0.517	1.097
22:15:15	25.1	1.079	0.730	0.857	1.113	0.734	0.663	0.825	0.655	0.697	0.399	0.670	1.074	0.712	1.058	1.102	0.654	0.473	1.102	0.632	1.097	1.054	0.635	0.666	0.396	0.658	0.638	0.659	0.489	0.650	1.080	0.541	0.656	0.840	0.705	0.730	0.920	0.652	1.065	0.648	0.505	0.649	0.381	0.697	1.077	0.647	0.712	0.533	1.096
22:30:58	25.1	1.078	0.738	0.872	1.116	0.738	0.661	0.839	0.654	0.699	0.410	0.666	1.074	0.710	1.060	1.105	0.654	0.481	1.105	0.629	1.100	1.055	0.632	0.663	0.405	0.656	0.636	0.657	0.497	0.648	1.081	0.560	0.656	0.854	0.704	0.730	0.924	0.652	1.065	0.646	0.514	0.646	0.388	0.696	1.081	0.645	0.711	0.550	1.096
22:46:41	25.1	1.079	0.725	0.886	1.118	0.737	0.658	0.855	0.652	0.693	0.414	0.663	1.073	0.709	1.061	1.109	0.655	0.490	1.109	0.627	1.103	1.055	0.630	0.661	0.414	0.652	0.635	0.655	0.506	0.646	1.082	0.578	0.654	0.869	0.704	0.728	0.927	0.654	1.065	0.643	0.523	0.645	0.395	0.694	1.080	0.642	0.710	0.567	1.098
23:02:23	25.1	1.083	0.738	0.899	1.121	0.735	0.656	0.868	0.651	0.695	0.422	0.661	1.074	0.708	1.061	1.112	0.656	0.498	1.112	0.625	1.106	1.057	0.628	0.659	0.424	0.648	0.634	0.653	0.515	0.645	1.082	0.600	0.650	0.881	0.702	0.726	0.929	0.653	1.064	0.641	0.533	0.643	0.402	0.693	1.078	0.640	0.709	0.584	1.098
23:18:06	25.1	1.081	0.736	0.911	1.124	0.733	0.653	0.879	0.651	0.691	0.429	0.657	1.073	0.707	1.061	1.115	0.656	0.506	1.115	0.622	1.109	1.057	0.625	0.656	0.433	0.647	0.631	0.650	0.525	0.643	1.083	0.611	0.646	0.892	0.701	0.725	0.931	0.655	1.063	0.640	0.543	0.643	0.409	0.692	1.078	0.638	0.707	0.603	1.099
23:33:48	25.1	1.081	0.724	0.915	1.127	0.725	0.651	0.893	0.649	0.690	0.440	0.655	1.070	0.707	1.063	1.118	0.657	0.515	1.117	0.621	1.111	1.058	0.625	0.654	0.468	0.644	0.629	0.648	0.534	0.642	1.083	0.627	0.645	0.896	0.700	0.723	0.934	0.653	1.063	0.638	0.552	0.639	0.416	0.691	1.079	0.636	0.706	0.620	1.101
23:49:30	25.0	1.079	0.727	0.921	1.129	0.726	0.650	0.903	0.648	0.689	0.448	0.653	1.071	0.706	1.064	1.121	0.654	0.524	1.119	0.618	1.113	1.059	0.621	0.651	0.453	0.642	0.627	0.647	0.543	0.639	1.085	0.643	0.642	0.899	0.700	0.721	0.934	0.649	1.061	0.636	0.561	0.641	0.424	0.690	1.075	0.634	0.705	0.635	1.102
24:05:13	25.0	1.077	0.719	0.925	1.132	0.722	0.646	0.905	0.646	0.686	0.452	0.651	1.069	0.706	1.066	1.123	0.651	0.533	1.122	0.615	1.115	1.059	0.619	0.650	0.463	0.639	0.624	0.645	0.551	0.637	1.089	0.668	0.641	0.904	0.698	0.718	0.937	0.646	1.060	0.634	0.572	0.638	0.431	0.689	1.075	0.632	0.703	0.649	1.103
24:20:56	25.1	1.076	0.718	0.926	1.134	0.719	0.644	0.909	0.645	0.687	0.475	0.647	1.066	0.704	1.067	1.125	0.646	0.543	1.122	0.613	1.115	1.060	0.616	0.648	0.474	0.638	0.624	0.643	0.559	0.635	1.087	0.676	0.637	0.907	0.698	0.717	0.937	0.642	1.057	0.633	0.581	0.637	0.439	0.687	1.073	0.630	0.701	0.666	1.106
24:36:38	25.1	1.078	0.721	0.926	1.136	0.714	0.641	0.914	0.641	0.684	0.471	0.645	1.063	0.702	1.066	1.127	0.643	0.550	1.124	0.610	1.117	1.061	0.614	0.645	0.486	0.634	0.622	0.640	0.566	0.632	1.087	0.704	0.634	0.911	0.696	0.715	0.936	0.640	1.056	0.631	0.591	0.634	0.446	0.687	1.073	0.627	0.699	0.679	1.105
24:52:20	25.1	1.074	0.713	0.931	1.137	0.715	0.640	0.916	0.638	0.685	0.476	0.641	1.062	0.701	1.067	1.129	0.640	0.558	1.126	0.608	1.118	1.061	0.611	0.642	0.497	0.632	0.620	0.639	0.574	0.631	1.088	0.693	0.631	0.911	0.695	0.713	0.936	0.636	1.055	0.629	0.601	0.633	0.454	0.684	1.070	0.624	0.699	0.693	1.108
25:08:03	25.1	1.074	0.711	0.930	1.138	0.713	0.638	0.918	0.636	0.683	0.488	0.638	1.059	0.699	1.067	1.132	0.637	0.566	1.128	0.605	1.119	1.063	0.609	0.641	0.508	0.632	0.617	0.637	0.583	0.628	1.089	0.704	0.629	0.913	0.692	0.711	0.936	0.633	1.052	0.628	0.610	0.633	0.462	0.682	1.066	0.622	0.698	0.708	1.110
25:23:45	25.1	1.071	0.712	0.931	1.140	0.710	0.635	0.919	0.632	0.680	0.497	0.638	1.055	0.696	1.069	1.134	0.633	0.574	1.130	0.603	1.120	1.064	0.606	0.639	0.523	0.628	0.615	0.633	0.591	0.626	1.090	0.710	0.626	0.914	0.690	0.709	0.935	0.630	1.049	0.626	0.618	0.629	0.508	0.679	1.064	0.620	0.696	0.722	1.108
25:39:28	25.1	1.068	0.706	0.928	1.142	0.707	0.630	0.920	0.628	0.678	0.497	0.635	1.054	0.694	1.070	1.137	0.629	0.581	1.131	0.601	1.121	1.064	0.605	0.636	0.530	0.624	0.613	0.631	0.600	0.625	1.090	0.730	0.627	0.915	0.688	0.707	0.932	0.627	1.046	0.625	0.627	0.629	0.474	0.676	1.064	0.617	0.695	0.732	1.110
25:55:10	25.1	1.070	0.710	0.929	1.143	0.705	0.627	0.919	0.624	0.676	0.504	0.633	1.049	0.691	1.071	1.138	0.627	0.588	1.132	0.599	1.123	1.065	0.601	0.635	0.541	0.623	0.611	0.630	0.609	0.623	1.091	0.719	0.624	0.914	0.687	0.706	0.931	0.625	1.043	0.623	0.637	0.625	0.481	0.674	1.064	0.615	0.692	0.742	1.110
26:10:53	25.1	1.063	0.708	0.925	1.143	0.704	0.625	0.916	0.623	0.673	0.514	0.630	1.049	0.690	1.071	1.140	0.625	0.596	1.134	0.597	1.122	1.065	0.600	0.632	0.553	0.620	0.611	0.626	0.618	0.621	1.092	0.727	0.622	0.915	0.684	0.704	0.931	0.621	1.043	0.622	0.645	0.623	0.488	0.671	1.062	0.612	0.691	0.751	1.111
26:26:35	25.1	1.064	0.706	0.921	1.144	0.701	0.623	0.915	0.618	0.672	0.519	0.628	1.045	0.687	1.073	1.142	0.623	0.605	1.134	0.595	1.124	1.066	0.598	0.631	0.568	0.619	0.608	0.626	0.627	0.620	1.092	0.733	0.619	0.913	0.682	0.701	0.929	0.620	1.040	0.620	0.654	0.622	0.495	0.669	1.060	0.610	0.691	0.759	1.111
26:42:18	25.1	1.063	0.698	0.916	1.143	0.698	0.621	0.911	0.614	0.670	0.528	0.626	1.041	0.686	1.075	1.143	0.619	0.614	1.137	0.593	1.124	1.067	0.596	0.628	0.577	0.618	0.607	0.624	0.637	0.617	1.093	0.732	0.617	0.913	0.681	0.700	0.927	0.618	1.038	0.618	0.663	0.621	0.501	0.668	1.057	0.607	0.689	0.763	1.111
26:58:00	25.1	1.058	0.702	0.912	1.143	0.698	0.618	0.906	0.613	0.667	0.536	0.626	1.040	0.683	1.075	1.145	0.617	0.624	1.138	0.590	1.125	1.067	0.594	0.627	0.589	0.616	0.604	0.622	0.646	0.616	1.093	0.740	0.616	0.910	0.679	0.699	0.925	0.614	1.034	0.617	0.672	0.620	0.509	0.666	1.057	0.605	0.686	0.766	1.112
27:13:43	25.1	1.058	0.696	0.907	1.143	0.692	0.617	0.903	0.612	0.665	0.544	0.623	1.036	0.681	1.075	1.147	0.612	0.633	1.139	0.588	1.125	1.070	0.591	0.626	0.601	0.613	0.604	0.619	0.656	0.615	1.094	0.749	0.613	0.907	0.676	0.696	0.925	0.612	1.030	0.616	0.682	0.619	0.516	0.664	1.056	0.603	0.685	0.769	1.113
27:29:25	25.1	1.055	0.692	0.901	1.144	0.694	0.613	0.898	0.610	0.664	0.553	0.621	1.033	0.680	1.076	1.148	0.611	0.642	1.140	0.587	1.126	1.069	0.589	0.621	0.619	0.610	0.602	0.618	0.666	0.612	1.094	0.745	0.612	0.905	0.676	0.697	0.920	0.609	1.028	0.614	0.692	0.616	0.525	0.661	1.053	0.601	0.684	0.772	1.114
27:45:07	25.1	1.053	0.691	0.895	1.144	0.691	0.611	0.892	0.609	0.661	0.563	0.620	1.032	0.678	1.075	1.149	0.611	0.652	1.141	0.585	1.127	1.069	0.587	0.621	0.624	0.610	0.600	0.618	0.676	0.611	1.095	0.750	0.610	0.899	0.673	0.695	0.919	0.608	1.027	0.613	0.701	0.612	0.534	0.660	1.051	0.599	0.683	0.774	1.116
28:00:50	25.1	1.052	0.689	0.890	1.143	0.692	0.610	0.886	0.607	0.659	0.572	0.618	1.029	0.676	1.076	1.150	0.606	0.661	1.142	0.583	1.127	1.070	0.586	0.617	0.639	0.608	0.597	0.616	0.686	0.609	1.095	0.754	0.609	0.896	0.672	0.692	0.916	0.605	1.023	0.612	0.711	0.612	0.544	0.658	1.049	0.598	0.681	0.778	1.115
28:16:32	25.1	1.051	0.693	0.882	1.143	0.687	0.607	0.881	0.601	0.658	0.582	0.615	1.027	0.675	1.077	1.151	0.605	0.672	1.143	0.581	1.127	1.070	0.584	0.616	0.648	0.606	0.598	0.612	0.694	0.608	1.096	0.759	0.607	0.892	0.671	0.692	0.914	0.602	1.022	0.610	0.720	0.612	0.552	0.656	1.046	0.595	0.680	0.781	1.114
28:32:15	25.1	1.045	0.690	0.878	1.144	0.688	0.606	0.875	0.601	0.656	0.592	0.612	1.023	0.672	1.077	1.151	0.602	0.681	1.144	0.579	1.128	1.070	0.582	0.617	0.660	0.604	0.597	0.611	0.702	0.606	1.097	0.762	0.606	0.889	0.669	0.690	0.912	0.600	1.020	0.609	0.730	0.610	0.561	0.654	1.043	0.593	0.679	0.785	1.117
28:47:57	25.1	1.045	0.689	0.874	1.143	0.684	0.604	0.871	0.596	0.653	0.615	0.611	1.021	0.671	1.078	1.151	0.600	0.693	1.144	0.578	1.129	1.071	0.581	0.613	0.672	0.603	0.593	0.610	0.710	0.605	1.097	0.762	0.604	0.882	0.667	0.689	0.909	0.600	1.018	0.607	0.740	0.609	0.571	0.652	1.041	0.591	0.677	0.789	1.118
29:03:40	25.1	1.047	0.680	0.867	1.143	0.685	0.602	0.866	0.595	0.652	0.612	0.610	1.019	0.670	1.077	1.151	0.599	0.702	1.144	0.576	1.129	1.073	0.579	0.612	0.683	0.600	0.593	0.608	0.718	0.603	1.098	0.764	0.603	0.879	0.666	0.687	0.917	0.596	1.013	0.607	0.750	0.605	0.580	0.650	1.039	0.590	0.675	0.792	1.134
29:19:22	25.1	1.048	0.683	0.863	1.142	0.684	0.600	0.860	0.590	0.650	0.629	0.608	1.017	0.669	1.078	1.151	0.598	0.713	1.145	0.575	1.128	1.073	0.577	0.610	0.694	0.599	0.591	0.606	0.725	0.602	1.099	0.768	0.602	0.875	0.665	0.686	0.905	0.595	1.011	0.605	0.760	0.605	0.590	0.649	1.036	0.588	0.672	0.791	1.118
29:35:05	25.1	1.044	0.683	0.861	1.142	0.683	0.598	0.857	0.587	0.648	0.637	0.607	1.014	0.667	1.078	1.151	0.595	0.723	1.145	0.573	1.130	1.073	0.575	0.609	0.702	0.598	0.590	0.606	0.733	0.602	1.099	0.762	0.598	0.870	0.663	0.684	0.903	0.592	1.010	0.603	0.771	0.604	0.607	0.647	1.034	0.587	0.671	0.790	1.125
29:50:48	25.1	1.045	0.678	0.857	1.142	0.680	0.596	0.853	0.585	0.646	0.643	0.605	1.011	0.665	1.078	1.151	0.594	0.733	1.146	0.571	1.131	1.073	0.574	0.608	0.712	0.596	0.589	0.603	0.741	0.599	1.100	0.770	0.597	0.864	0.662	0.684	0.901	0.590	1.006	0.602	0.781	0.600	0.615	0.645	1.032	0.585	0.668	0.788	1.120
30:06:30	25.1	1.042	0.677	0.854	1.142	0.678	0.594	0.849	0.580	0.644	0.656	0.607	1.007	0.663	1.080	1.150	0.591	0.742	1.146	0.570	1.131	1.086	0.572	0.607	0.723	0.593	0.587	0.601	0.749	0.598	1.101	0.769	0.597	0.859	0.660	0.681	0.899	0.589	1.004	0.601	0.791	0.599	0.621	0.643	1.030	0.584	0.668	0.788	1.120
30:22:13	25.1	1.040	0.679	0.849	1.142	0.675	0.591	0.847	0.579	0.642	0.664	0.602	1.004	0.662	1.080	1.150	0.589	0.751	1.146	0.574	1.132	1.075	0.570	0.604	0.730	0.594	0.587	0.601	0.757	0.597	1.100	0.763	0.595	0.853	0.659	0.681	0.897	0.588	0.999	0.599	0.801	0.597	0.730	0.642	1.028	0.581	0.668	0.787	1.121
30:37:55	25.1	1.042	0.674	0.847	1.142	0.672	0.590	0.844	0.576	0.640	0.675	0.600	1.002	0.661	1.081	1.150	0.589	0.757	1.145	0.567	1.131	1.076	0.569	0.604	0.740	0.592	0.586	0.598	0.763	0.595	1.101	0.761	0.593	0.850	0.657	0.679	0.896	0.586	0.998	0.598	0.811	0.597	0.824	0.640	1.025	0.579	0.667	0.785	1.125
30:53:38	25.1	1.037	0.673	0.844	1.141	0.673	0.588	0.840	0.575	0.638	0.683	0.599	0.999	0.660	1.081	1.150	0.585	0.766	1.147	0.565	1.132	1.076	0.567	0.602	0.747	0.590	0.583	0.597	0.762	0.594	1.100	0.761	0.591	0.846	0.656	0.677	0.894	0.585	0.994	0.597	0.809	0.592	0.650	0.638	1.024	0.577	0.664	0.784	1.121
31:09:20	25.1	1.031	0.670	0.841	1.141	0.673	0.586	0.839	0.571	0.637	0.695	0.597	0.996	0.658	1.083	1.149	0.582	0.774	1.146	0.564	1.132	1.075	0.566	0.601	0.756	0.588	0.582	0.596	0.761	0.593	1.102	0.762	0.590	0.841	0.655	0.676	0.893	0.583	0.991	0.595	0.809	0.590	0.662	0.637	1.025	0.575	0.663	0.784	1.121
31:25:02	25.1	1.034	0.670	0.838	1.140	0.671	0.585	0.835	0.568	0.635	0.705	0.597	0.993	0.656	1.081	1.149	0.581	0.783	1.148	0.562	1.133	1.076	0.564	0.599	0.750	0.589	0.582	0.595	0.761	0.591	1.102	0.767	0.589	0.835	0.654	0.675	0.891	0.580	0.988	0.593	0.810	0.590	0.671	0.635	1.022	0.574	0.661	0.784	1.122
31:40:45	25.1	1.029	0.668	0.835	1.140	0.667	0.583	0.833	0.566	0.633	0.715	0.595	0.992	0.655	1.083	1.149	0.579	0.790	1.148	0.561	1.133	1.077	0.562	0.598	0.750	0.586	0.579	0.593	0.761	0.591	1.103	0.761	0.588	0.830	0.652	0.673	0.890	0.578	0.987	0.592	0.810	0.588	0.681	0.633	1.020	0.573	0.659	0.783	1.122
31:56:28	25.0	1.029	0.666	0.833	1.140	0.667	0.581	0.831	0.564	0.631	0.725	0.592	0.989	0.654	1.081	1.148	0.576	0.789	1.147	0.560	1.134	1.078	0.562	0.597	0.753	0.583	0.578	0.593	0.762	0.589	1.105	0.778	0.586	0.825	0.650	0.672	0.889	0.578	0.983	0.591	0.813	0.586	0.692	0.632	1.018	0.571	0.658	0.783	1.122
32:12:10	25.1	1.028	0.663	0.830	1.140	0.665	0.579	0.827	0.562	0.631	0.734	0.592	0.985	0.652	1.083	1.147	0.574	0.788	1.147	0.558	1.134	1.077	0.560	0.595	0.756	0.583	0.578	0.591	0.763	0.588	1.103	0.761	0.586	0.821	0.649	0.672	0.888	0.576	0.980	0.589	0.817	0.587	0.700	0.630	1.020	0.568	0.656	0.781	1.122
32:27:52	25.1	1.024	0.662	0.828	1.140	0.663	0.578	0.826	0.560	0.629	0.740	0.590	0.983	0.651	1.083	1.148	0.573	0.787	1.147	0.557	1.133	1.077	0.558	0.594	0.759	0.582	0.576	0.590	0.766	0.586	1.104	0.763	0.583	0.816	0.648	0.671	0.887	0.574	0.978	0.589	0.821	0.583	0.715	0.629	1.019	0.567	0.656	0.782	1.123
32:43:35	25.1	1.023	0.659	0.824	1.139	0.660	0.575	0.823	0.557	0.627	0.748	0.588	0.981	0.650	1.083	1.147	0.572	0.786	1.146	0.555	1.133	1.079	0.556	0.591	0.762	0.579	0.574	0.588	0.768	0.585	1.104	0.770	0.582	0.812	0.647	0.669	0.886	0.572	0.976	0.587	0.826	0.580	0.717	0.627	1.018	0.565	0.655	0.780	1.124
32:59:17	25.1	1.020	0.660	0.822	1.139	0.657	0.574	0.821	0.554	0.625	0.756	0.588	0.978	0.648	1.083	1.146	0.569	0.787	1.147	0.554	1.133	1.079	0.555	0.591	0.766	0.578	0.574	0.587	0.772	0.584	1.104	0.766	0.580	0.809	0.646	0.666	0.885	0.571	0.974	0.586	0.827	0.579	0.725	0.626	1.017	0.564	0.652	0.779	1.122
33:15:00	25.1	1.023	0.661	0.819	1.139	0.657	0.574	0.819	0.553	0.623	0.772	0.586	0.976	0.646	1.084	1.146	0.566	0.788	1.147	0.552	1.134	1.079	0.554	0.590	0.778	0.577	0.572	0.586	0.776	0.582	1.104	0.761	0.580	0.805	0.644	0.667	0.885	0.570	0.972	0.583	0.825	0.582	0.732	0.624	1.016	0.563	0.653	0.779	1.122
33:30:43	25.1	1.022	0.659	0.819	1.138	0.655	0.572	0.818	0.550	0.622	0.777	0.585	0.975	0.645	1.084	1.147	0.565	0.791	1.147	0.552	1.134	1.079	0.552	0.589	0.768	0.576	0.570	0.585	0.780	0.581	1.104	0.760	0.578	0.802	0.642	0.665	0.884	0.568	0.970	0.582	0.824	0.577	0.740	0.623	1.017	0.561	0.649	0.779	1.122
33:46:25	25.1	1.020	0.654	0.816	1.138	0.654	0.570	0.816	0.548	0.620	0.779	0.583	0.973	0.644	1.084	1.145	0.565	0.793	1.146	0.550	1.134	1.078	0.551	0.588	0.768	0.573	0.571	0.583	0.784	0.580	1.105	0.761	0.577	0.799	0.641	0.664	0.883	0.566	0.968	0.581	0.823	0.577	0.746	0.621	1.018	0.559	0.648	0.778	1.122
34:02:08	25.1	1.022	0.653	0.816	1.138	0.653	0.568	0.815	0.546	0.618	0.786	0.583	0.971	0.643	1.085	1.145	0.563	0.797	1.147	0.549	1.134	1.078	0.550	0.586	0.781	0.573	0.570	0.582	0.789	0.579	1.105	0.759	0.575	0.795	0.639	0.662	0.883	0.565	0.967	0.580	0.822	0.575	0.753	0.619	1.015	0.558	0.647	0.777	1.122
34:17:50	25.0	1.021	0.651	0.815	1.138	0.651	0.568	0.813	0.546	0.617	0.793	0.580	0.970	0.642	1.087	1.146	0.559	0.800	1.146	0.548	1.134	1.078	0.549	0.585	0.768	0.570	0.567	0.581	0.794	0.579	1.104	0.764	0.575	0.794	0.638	0.662	0.884	0.564	0.965	0.578	0.821	0.576	0.761	0.618	1.016	0.556	0.646	0.776	1.121
34:33:33	25.1	1.017	0.650	0.812	1.137	0.653	0.566	0.810	0.542	0.615	0.801	0.580	0.967	0.640	1.084	1.145	0.560	0.804	1.146	0.546	1.134	1.080	0.547	0.584	0.766	0.569	0.567	0.580	0.798	0.578	1.105	0.759	0.573	0.790	0.638	0.659	0.883	0.561	0.964	0.577	0.820	0.569	0.768	0.616	1.015	0.556	0.645	0.779	1.121
34:49:16	25.1	1.018	0.648	0.811	1.137	0.647	0.565	0.809	0.540	0.614	0.795	0.581	0.966	0.639	1.084	1.145	0.557	0.807	1.145	0.544	1.133	1.078	0.546	0.584	0.765	0.571	0.565	0.579	0.803	0.575	1.105	0.758	0.571	0.787	0.636	0.659	0.884	0.560	0.963	0.575	0.819	0.573	0.808	0.615	1.017	0.553	0.643	0.776	1.121
35:04:58	25.1	1.017	0.646	0.809	1.136	0.645	0.562	0.808	0.538	0.613	0.808	0.577	0.964	0.637	1.087	1.144	0.556	0.811	1.145	0.544	1.134	1.078	0.544	0.582	0.764	0.567	0.563	0.578	0.808	0.574	1.106	0.760	0.570	0.786	0.635	0.658	0.884	0.560	0.960	0.574	0.819	0.568	0.783	0.613	1.019	0.551	0.642	0.775	1.120
35:20:41	25.1	1.016	0.644	0.808	1.137	0.644	0.563	0.806	0.537	0.611	0.793	0.577	0.963	0.636	1.089	1.144	0.554	0.815	1.146	0.542	1.134	1.078	0.543	0.581	0.764	0.568	0.562	0.576	0.813	0.574	1.107	0.757	0.569	0.784	0.634	0.656	0.885	0.568	0.959	0.573	0.818	0.564	0.783	0.612	1.016	0.550	0.640	0.774	1.120
35:36:23	25.1	1.019	0.642	0.806	1.136	0.645	0.560	0.805	0.535	0.609	0.794	0.577	0.962	0.635	1.087	1.143	0.553	0.819	1.145	0.541	1.135	1.087	0.542	0.581	0.767	0.566	0.563	0.576	0.818	0.573	1.107	0.757	0.567	0.782	0.633	0.654	0.884	0.558	0.955	0.572	0.818	0.565	0.785	0.611	1.018	0.549	0.639	0.775	1.120
35:52:06	25.1	1.017	0.640	0.804	1.136	0.642	0.559	0.802	0.534	0.608	0.795	0.574	0.961	0.633	1.085	1.144	0.549	0.822	1.144	0.540	1.134	1.079	0.541	0.579	0.764	0.563	0.560	0.575	0.823	0.571	1.106	0.756	0.568	0.779	0.631	0.652	0.886	0.554	0.958	0.570	0.818	0.563	0.783	0.609	1.019	0.547	0.637	0.773	1.120
36:07:48	25.1	1.017	0.640	0.803	1.136	0.642	0.557	0.801	0.531	0.606	0.797	0.574	0.958	0.633	1.085	1.143	0.548	0.826	1.145	0.539	1.134	1.079	0.540	0.578	0.766	0.562	0.560	0.573	0.827	0.569	1.105	0.756	0.567	0.777	0.630	0.652	0.886	0.553	0.954	0.569	0.817	0.560	0.943	0.607	1.015	0.545	0.635	0.772	1.119
36:23:31	25.0	1.016	0.636	0.801	1.135	0.641	0.556	0.800	0.529	0.604	0.801	0.573	0.959	0.631	1.087	1.142	0.546	0.832	1.145	0.538	1.135	1.078	0.538	0.576	0.766	0.561	0.559	0.573	0.829	0.569	1.105	0.754	0.565	0.776	0.629	0.651	0.887	0.554	0.955	0.568	0.817	0.559	0.808	0.606	1.021	0.545	0.634	0.770	1.119
36:39:14	25.1	1.013	0.636	0.800	1.135	0.639	0.555	0.799	0.527	0.602	0.804	0.572	0.957	0.630	1.086	1.143	0.546	0.836	1.144	0.537	1.133	1.079	0.537	0.576	0.766	0.561	0.558	0.572	0.828	0.569	1.106	0.754	0.561	0.773	0.627	0.650	0.888	0.552	0.952	0.566	0.817	0.558	0.781	0.605	1.021	0.543	0.634	0.769	1.119
36:54:56	25.1	1.012	0.637	0.799	1.134	0.636	0.553	0.797	0.526	0.601	0.806	0.571	0.956	0.628	1.085	1.143	0.543	0.835	1.144	0.536	1.134	1.078	0.536	0.575	0.767	0.559	0.556	0.571	0.827	0.567	1.106	0.756	0.561	0.772	0.626	0.648	0.890	0.550	0.952	0.566	0.817	0.560	0.782	0.603	1.021	0.542	0.631	0.768	1.117
37:10:39	25.1	1.016	0.634	0.797	1.134	0.636	0.552	0.795	0.524	0.600	0.810	0.570	0.955	0.627	1.086	1.142	0.544	0.831	1.144	0.534	1.133	1.081	0.536	0.573	0.808	0.557	0.555	0.570	0.826	0.566	1.105	0.753	0.559	0.770	0.625	0.647	0.891	0.549	0.952	0.566	0.816	0.559	0.783	0.602	1.020	0.541	0.631	0.767	1.117
37:26:21	25.1	1.016	0.630	0.796	1.133	0.634	0.551	0.794	0.521	0.599	0.816	0.568	0.955	0.625	1.085	1.142	0.541	0.831	1.143	0.533	1.134	1.078	0.534	0.572	0.767	0.556	0.554	0.569	0.825	0.565	1.106	0.764	0.559	0.772	0.624	0.645	0.892	0.547	0.951	0.564	0.816	0.558	0.787	0.599	1.023	0.539	0.628	0.768	1.134
37:42:04	25.1	1.016	0.630	0.795	1.133	0.630	0.549	0.793	0.520	0.596	0.872	0.567	0.955	0.624	1.085	1.142	0.540	0.829	1.144	0.533	1.134	1.078	0.533	0.571	0.768	0.556	0.554	0.568	0.824	0.563	1.105	0.752	0.556	0.770	0.623	0.643	0.893	0.546	0.950	0.563	0.815	0.552	0.788	0.598	1.021	0.538	0.627	0.763	1.117
37:57:47	25.1	1.012	0.627	0.792	1.133	0.632	0.549	0.792	0.519	0.595	0.820	0.566	0.953	0.623	1.084	1.141	0.538	0.830	1.146	0.531	1.134	1.079	0.532	0.570	0.769	0.555	0.552	0.568	0.823	0.563	1.104	0.748	0.556	0.768	0.622	0.643	0.895	0.545	0.950	0.561	0.815	0.552	0.790	0.597	1.023	0.537	0.625	0.764	1.115
38:13:29	25.1	1.016	0.625	0.791	1.133	0.630	0.549	0.790	0.516	0.593	0.824	0.565	0.953	0.622	1.085	1.141	0.537	0.826	1.144	0.530	1.134	1.080	0.531	0.569	0.767	0.553	0.551	0.566	0.823	0.562	1.105	0.747	0.554	0.766	0.620	0.641	0.896	0.544	0.949	0.561	0.815	0.550	0.793	0.595	1.023	0.536	0.624	0.760	1.116
38:29:12	25.1	1.013	0.623	0.791	1.133	0.628	0.548	0.789	0.515	0.591	0.828	0.564	0.952	0.620	1.085	1.142	0.535	0.825	1.148	0.529	1.134	1.078	0.530	0.568	0.769	0.551	0.552	0.565	0.824	0.561	1.105	0.745	0.552	0.764	0.619	0.640	0.898	0.544	0.947	0.559	0.815	0.548	0.805	0.594	1.025	0.534	0.622	0.759	1.114
38:44:54	25.1	1.011	0.622	0.789	1.133	0.625	0.547	0.788	0.514	0.589	0.832	0.563	0.952	0.619	1.086	1.141	0.533	0.823	1.146	0.528	1.134	1.081	0.529	0.569	0.778	0.550	0.549	0.564	0.823	0.560	1.106	0.744	0.551	0.763	0.618	0.639	0.899	0.543	0.948	0.558	0.815	0.552	0.799	0.592	1.029	0.533	0.620	0.757	1.114
39:00:37	25.1	1.011	0.618	0.788	1.132	0.625	0.545	0.786	0.512	0.588	0.871	0.563	0.952	0.619	1.087	1.141	0.532	0.822	1.144	0.527	1.133	1.078	0.528	0.567	0.771	0.550	0.548	0.563	0.824	0.559	1.106	0.748	0.551	0.762	0.617	0.636	0.901	0.541	0.946	0.557	0.814	0.547	0.802	0.591	1.028	0.532	0.619	0.756	1.113
39:16:19	25.1	1.015	0.619	0.786	1.132	0.622	0.544	0.785	0.510	0.586	0.839	0.561	0.951	0.617	1.087	1.140	0.531	0.821	1.142	0.527	1.133	1.078	0.527	0.566	0.771	0.550	0.548	0.562	0.823	0.558	1.105	0.739	0.550	0.761	0.615	0.636	0.904	0.541	0.948	0.556	0.814	0.546	0.804	0.589	1.026	0.531	0.618	0.754	1.113
39:32:02	25.1	1.012	0.619	0.785	1.132	0.622	0.542	0.783	0.509	0.585	0.843	0.561	0.951	0.616	1.086	1.141	0.530	0.820	1.142	0.526	1.133	1.077	0.526	0.565	0.772	0.546	0.548	0.562	0.823	0.558	1.105	0.738	0.548	0.759	0.614	0.635	0.905	0.539	0.948	0.555	0.812	0.544	0.807	0.588	1.029	0.530	0.614	0.752	1.112
39:47:44	25.1	1.014	0.615	0.783	1.133	0.620	0.542	0.782	0.507	0.583	0.842	0.560	0.950	0.616	1.085	1.141	0.528	0.820	1.142	0.525	1.133	1.077	0.525	0.564	0.772	0.545	0.546	0.561	0.824	0.557	1.105	0.734	0.547	0.757	0.613	0.634	0.907	0.544	0.947	0.554	0.812	0.544	0.810	0.587	1.029	0.529	0.614	0.750	1.112
40:03:27	25.0	1.007	0.612	0.782	1.133	0.617	0.540	0.781	0.503	0.581	0.848	0.558	0.950	0.614	1.089	1.142	0.526	0.817	1.142	0.524	1.134	1.078	0.524	0.561	0.772	0.543	0.546	0.560	0.824	0.555	1.105	0.731	0.545	0.755	0.612	0.631	0.909	0.537	0.946	0.553	0.811	0.541	0.807	0.585	1.030	0.527	0.612	0.747	1.111
40:19:09	25.1	1.014	0.612	0.782	1.135	0.615	0.539	0.780	0.502	0.579	0.838	0.557	0.951	0.612	1.086	1.143	0.523	0.818	1.145	0.526	1.134	1.078	0.523	0.560	0.771	0.541	0.545	0.558	0.824	0.556	1.106	0.728	0.542	0.755	0.611	0.632	0.912	0.535	0.946	0.552	0.811	0.540	0.900	0.584	1.030	0.526	0.611	0.742	1.111
40:34:52	25.1	1.011	0.611	0.781	1.137	0.616	0.538	0.779	0.501	0.578	0.840	0.554	0.950	0.611	1.087	1.145	0.521	0.816	1.146	0.522	1.135	1.077	0.522	0.558	0.772	0.539	0.543	0.558	0.823	0.554	1.105	0.726	0.540	0.753	0.609	0.628	0.914	0.534	0.947	0.551	0.809	0.537	0.803	0.582	1.033	0.524	0.609	0.740	1.111
40:50:35	25.1	1.013	0.610	0.779	1.139	0.613	0.537	0.777	0.499	0.576	0.839	0.553	0.949	0.610	1.085	1.147	0.518	0.817	1.147	0.521	1.137	1.082	0.522	0.557	0.771	0.541	0.543	0.557	0.823	0.554	1.109	0.726	0.537	0.752	0.608	0.630	0.917	0.532	0.946	0.550	0.808	0.536	0.802	0.580	1.033	0.524	0.608	0.736	1.110
41:06:17	25.1	1.013	0.608	0.779	1.141	0.612	0.536	0.776	0.498	0.575	0.835	0.550	0.950	0.609	1.086	1.151	0.517	0.815	1.149	0.521	1.138	1.078	0.521	0.555	0.770	0.536	0.542	0.556	0.823	0.553	1.107	0.721	0.535	0.751	0.607	0.628	0.919	0.532	0.946	0.549	0.808	0.536	0.799	0.578	1.035	0.523	0.607	0.732	1.110
41:22:00	25.1	1.011	0.606	0.777	1.145	0.610	0.536	0.775	0.497	0.573	0.842	0.550	0.951	0.607	1.087	1.153	0.517	0.816	1.152	0.520	1.140	1.078	0.520	0.554	0.770	0.535	0.542	0.555	0.824	0.552	1.105	0.715	0.534	0.749	0.607	0.627	0.921	0.530	0.947	0.548	0.807	0.538	0.798	0.578	1.040	0.523	0.605	0.731	1.109
41:37:42	25.1	1.011	0.605	0.776	1.147	0.610	0.537	0.774	0.497	0.571	0.833	0.549	0.950	0.606	1.085	1.157	0.515	0.814	1.153	0.519	1.141	1.078	0.520	0.554	0.771	0.535	0.542	0.554	0.825	0.551	1.107	0.716	0.533	0.747	0.605	0.625	0.924	0.530	0.946	0.549	0.806	0.537	0.794	0.576	1.039	0.523	0.604	0.726	1.110
41:53:25	25.1	1.008	0.600	0.775	1.150	0.608	0.536	0.773	0.497	0.569	0.832	0.551	0.950	0.605	1.089	1.159	0.514	0.814	1.155	0.518	1.142	1.080	0.519	0.552	0.775	0.533	0.541	0.553	0.824	0.550	1.105	0.709	0.533	0.748	0.603	0.624	0.925	0.529	0.947	0.548	0.804	0.536	0.956	0.574	1.040	0.522	0.603	0.723	1.109
42:09:07	25.1	1.013	0.599	0.774	1.152	0.606	0.537	0.772	0.494	0.568	0.832	0.548	0.950	0.604	1.087	1.162	0.514	0.811	1.157	0.518	1.144	1.081	0.518	0.551	0.770	0.532	0.542	0.552	0.823	0.551	1.106	0.706	0.532	0.746	0.603	0.623	0.928	0.530	0.947	0.548	0.803	0.540	0.794	0.573	1.042	0.522	0.601	0.719	1.109
42:24:50	25.1	1.012	0.600	0.773	1.154	0.604	0.535	0.770	0.492	0.566	0.832	0.547	0.951	0.603	1.088	1.164	0.513	0.810	1.160	0.518	1.146	1.084	0.518	0.550	0.769	0.531	0.540	0.552	0.824	0.549	1.105	0.705	0.532	0.745	0.602	0.622	0.929	0.528	0.947	0.548	0.802	0.537	0.791	0.572	1.043	0.522	0.599	0.715	1.108
42:40:32	25.0	1.008	0.598	0.772	1.155	0.604	0.536	0.769	0.492	0.565	0.830	0.547	0.951	0.602	1.088	1.166	0.512	0.809	1.161	0.518	1.147	1.080	0.517	0.550	0.768	0.530	0.541	0.551	0.823	0.548	1.106	0.700	0.531	0.744	0.600	0.621	0.931	0.525	0.947	0.547	0.801	0.537	0.791	0.570	1.045	0.521	0.598	0.711	1.108
42:56:15	25.1	1.010	0.597	0.771	1.155	0.602	0.536	0.768	0.491	0.563	0.831	0.546	0.951	0.601	1.086	1.168	0.511	0.809	1.163	0.517	1.150	1.079	0.517	0.550	0.768	0.530	0.541	0.550	0.822	0.549	1.105	0.700	0.531	0.743	0.599	0.619	0.933	0.527	0.947	0.547	0.800	0.537	0.788	0.569	1.044	0.520	0.597	0.708	1.107
43:11:57	25.1	1.011	0.594	0.769	1.156	0.601	0.534	0.767	0.490	0.562	0.832	0.547	0.952	0.600	1.088	1.169	0.509	0.806	1.165	0.516	1.149	1.085	0.517	0.551	0.766	0.528	0.541	0.551	0.821	0.549	1.107	0.695	0.530	0.742	0.598	0.619	0.935	0.525	0.948	0.546	0.798	0.534	0.788	0.566	1.046	0.520	0.596	0.706	1.107
43:27:40	25.1	1.009	0.594	0.769	1.156	0.599	0.533	0.766	0.489	0.560	0.831	0.545	0.951	0.598	1.088	1.171	0.509	0.805	1.166	0.516	1.151	1.080	0.516	0.549	0.767	0.528	0.539	0.550	0.821	0.548	1.105	0.692	0.528	0.741	0.596	0.617	0.937	0.525	0.949	0.546	0.797	0.535	0.882	0.565	1.047	0.520	0.595	0.702	1.107
43:43:22	25.1	1.007	0.593	0.767	1.156	0.597	0.536	0.765	0.487	0.559	0.830	0.547	0.952	0.598	1.088	1.172	0.509	0.803	1.168	0.516	1.152	1.079	0.516	0.547	0.765	0.527	0.539	0.549	0.820	0.547	1.105	0.689	0.529	0.740	0.596	0.617	0.939	0.524	0.948	0.545	0.796	0.535	0.785	0.564	1.048	0.520	0.594	0.699	1.114
43:59:05	25.1	1.008	0.592	0.766	1.157	0.597	0.532	0.763	0.486	0.556	0.828	0.544	0.952	0.596	1.088	1.173	0.508	0.803	1.170	0.515	1.153	1.080	0.516	0.548	0.772	0.528	0.539	0.548	0.819	0.546	1.105	0.686	0.528	0.738	0.595	0.614	0.941	0.525	0.947	0.545	0.795	0.532	0.868	0.563	1.049	0.518	0.593	0.697	1.106
44:14:47	25.1	1.009	0.590	0.766	1.159	0.597	0.533	0.763	0.486	0.556	0.840	0.543	0.953	0.595	1.090	1.175	0.507	0.802	1.171	0.515	1.154	1.081	0.515	0.546	0.763	0.527	0.538	0.548	0.818	0.546	1.105	0.686	0.527	0.738	0.594	0.615	0.943	0.524	0.949	0.545	0.794	0.533	0.838	0.561	1.053	0.518	0.590	0.693	1.105
44:30:30	25.1	1.007	0.588	0.764	1.161	0.593	0.533	0.761	0.485	0.555	0.828	0.543	0.953	0.595	1.087	1.178	0.507	0.800	1.173	0.514	1.156	1.081	0.515	0.546	0.762	0.525	0.539	0.548	0.818	0.545	1.105	0.684	0.526	0.737	0.593	0.613	0.947	0.524	0.950	0.545	0.792	0.531	0.842	0.560	1.053	0.518	0.588	0.690	1.106
44:46:12	25.1	1.007	0.585	0.763	1.163	0.591	0.533	0.760	0.482	0.554	0.827	0.542	0.954	0.594	1.089	1.180	0.506	0.799	1.174	0.514	1.158	1.079	0.514	0.545	0.761	0.523	0.538	0.546	0.817	0.546	1.105	0.685	0.526	0.736	0.592	0.611	0.946	0.522	0.950	0.544	0.791	0.534	0.780	0.560	1.054	0.517	0.588	0.687	1.105
45:01:55	25.1	1.005	0.585	0.762	1.164	0.591	0.533	0.759	0.482	0.552	0.826	0.543	0.954	0.593	1.090	1.182	0.505	0.799	1.176	0.513	1.158	1.084	0.513	0.545	0.761	0.524	0.538	0.547	0.816	0.546	1.106	0.677	0.524	0.735	0.591	0.611	0.949	0.522	0.950	0.544	0.790	0.528	0.779	0.558	1.051	0.519	0.587	0.685	1.110
45:17:37	25.0	1.003	0.583	0.762	1.165	0.590	0.531	0.758	0.481	0.550	0.827	0.541	0.954	0.591	1.090	1.183	0.506	0.796	1.177	0.513	1.160	1.080	0.513	0.545	0.781	0.524	0.537	0.546	0.815	0.544	1.105	0.675	0.524	0.735	0.589	0.609	0.950	0.522	0.950	0.544	0.788	0.534	0.777	0.557	1.053	0.516	0.585	0.682	1.105
45:33:20	25.1	1.003	0.581	0.760	1.166	0.590	0.532	0.757	0.479	0.548	0.824	0.540	0.954	0.591	1.089	1.185	0.507	0.796	1.180	0.512	1.161	1.080	0.513	0.543	0.759	0.522	0.537	0.545	0.813	0.545	1.106	0.671	0.524	0.733	0.588	0.609	0.953	0.521	0.952	0.543	0.788	0.531	0.775	0.556	1.053	0.515	0.584	0.678	1.104
45:49:02	25.1	1.005	0.582	0.759	1.167	0.587	0.529	0.756	0.479	0.547	0.828	0.540	0.955	0.590	1.090	1.186	0.504	0.794	1.180	0.512	1.162	1.081	0.513	0.543	0.759	0.523	0.536	0.545	0.812	0.544	1.106	0.669	0.523	0.732	0.587	0.608	0.955	0.521	0.952	0.543	0.786	0.529	0.846	0.555	1.052	0.515	0.583	0.677	1.103
46:04:45	25.1	1.002	0.580	0.758	1.166	0.586	0.531	0.755	0.478	0.546	0.824	0.539	0.956	0.589	1.091	1.187	0.504	0.791	1.181	0.512	1.164	1.080	0.512	0.542	0.756	0.521	0.536	0.544	0.810	0.543	1.106	0.667	0.523	0.731	0.586	0.607	0.956	0.520	0.953	0.543	0.785	0.530	0.774	0.553	1.057	0.515	0.581	0.673	1.103
46:20:27	25.1	1.001	0.578	0.757	1.167	0.584	0.530	0.753	0.480	0.545	0.822	0.540	0.957	0.588	1.088	1.188	0.503	0.792	1.183	0.511	1.164	1.079	0.511	0.542	0.755	0.521	0.536	0.544	0.807	0.543	1.106	0.665	0.522	0.730	0.586	0.606	0.959	0.519	0.954	0.543	0.783	0.528	0.772	0.552	1.057	0.513	0.581	0.670	1.102
46:36:10	25.1	1.000	0.578	0.756	1.168	0.583	0.528	0.753	0.475	0.543	0.824	0.537	0.958	0.587	1.090	1.190	0.503	0.788	1.184	0.510	1.167	1.089	0.511	0.541	0.757	0.522	0.536	0.543	0.803	0.542	1.119	0.662	0.522	0.730	0.584	0.605	0.961	0.520	0.955	0.542	0.782	0.526	0.771	0.551	1.057	0.513	0.579	0.667	1.102
46:51:53	25.1	1.000	0.575	0.754	1.169	0.582	0.527	0.752	0.474	0.542	0.820	0.537	0.958	0.586	1.092	1.191	0.503	0.787	1.186	0.510	1.168	1.083	0.510	0.540	0.754	0.519	0.537	0.542	0.799	0.541	1.107	0.660	0.520	0.729	0.584	0.604	0.962	0.518	0.955	0.543	0.780	0.530	0.769	0.550	1.056	0.513	0.578	0.664	1.102
47:07:35	25.1	1.002	0.576	0.754	1.169	0.584	0.527	0.751	0.473	0.541	0.821	0.536	0.959	0.585	1.090	1.192	0.503	0.786	1.187	0.510	1.170	1.080	0.510	0.540	0.752	0.520	0.536	0.542	0.796	0.541	1.108	0.657	0.521	0.728	0.582	0.603	0.965	0.517	0.956	0.542	0.779	0.525	0.768	0.549	1.059	0.513	0.577	0.663	1.101
47:23:18	25.1	0.995	0.575	0.752	1.169	0.580	0.526	0.750	0.472	0.539	0.819	0.537	0.959	0.585	1.091	1.193	0.501	0.784	1.189	0.509	1.170	1.080	0.510	0.539	0.753	0.520	0.535	0.542	0.792	0.541	1.109	0.656	0.520	0.728	0.582	0.603	0.968	0.518	0.956	0.542	0.778	0.530	0.767	0.547	1.056	0.512	0.576	0.659	1.102
47:39:00	25.1	0.999	0.573	0.752	1.170	0.580	0.524	0.748	0.469	0.538	0.817	0.535	0.960	0.584	1.091	1.194	0.503	0.784	1.191	0.509	1.171	1.080	0.509	0.539	0.750	0.522	0.536	0.541	0.788	0.541	1.110	0.662	0.520	0.727	0.580	0.602	0.970	0.517	0.958	0.542	0.776	0.529	0.765	0.547	1.059	0.511	0.574	0.657	1.100
47:54:43	25.1	0.996	0.572	0.751	1.170	0.578	0.525	0.747	0.470	0.537	0.816	0.536	0.961	0.582	1.090	1.195	0.501	0.783	1.190	0.508	1.172	1.081	0.509	0.539	0.749	0.519	0.534	0.542	0.785	0.540	1.109	0.656	0.520	0.726	0.579	0.600	0.972	0.517	0.957	0.542	0.774	0.523	0.763	0.545	1.060	0.511	0.574	0.654	1.100
48:10:25	25.1	0.996	0.570	0.750	1.169	0.578	0.524	0.746	0.469	0.536	0.815	0.534	0.961	0.581	1.092	1.196	0.500	0.781	1.192	0.508	1.173	1.081	0.509	0.539	0.747	0.517	0.534	0.541	0.780	0.540	1.112	0.650	0.520	0.725	0.578	0.599	0.974	0.516	0.960	0.541	0.772	0.522	0.765	0.544	1.059	0.511	0.573	0.652	1.099
48:26:08	25.1	0.995	0.571	0.749	1.170	0.575	0.523	0.745	0.466	0.534	0.813	0.535	0.962	0.581	1.093	1.197	0.501	0.779	1.193	0.508	1.174	1.081	0.509	0.538	0.746	0.520	0.535	0.541	0.776	0.538	1.110	0.652	0.518	0.725	0.577	0.599	0.975	0.516	0.959	0.541	0.770	0.523	0.761	0.543	1.061	0.509	0.571	0.649	1.099
48:41:50	25.1	0.995	0.569	0.748	1.170	0.575	0.522	0.745	0.463	0.534	0.812	0.535	0.962	0.580	1.093	1.197	0.499	0.778	1.194	0.509	1.175	1.081	0.508	0.538	0.744	0.520	0.534	0.540	0.772	0.539	1.109	0.645	0.518	0.724	0.577	0.597	0.978	0.515	0.960	0.541	0.768	0.520	0.759	0.546	1.059	0.510	0.571	0.647	1.097
48:57:33	25.1	0.992	0.568	0.747	1.170	0.575	0.522	0.743	0.463	0.531	0.814	0.533	0.965	0.579	1.093	1.198	0.500	0.776	1.196	0.507	1.175	1.082	0.508	0.537	0.741	0.518	0.534	0.540	0.767	0.538	1.109	0.642	0.519	0.723	0.575	0.596	0.980	0.515	0.961	0.541	0.766	0.518	0.757	0.543	1.061	0.508	0.570	0.644	1.097
49:13:15	25.0	0.985	0.566	0.747	1.170	0.573	0.521	0.741	0.464	0.531	0.809	0.534	0.964	0.578	1.091	1.198	0.498	0.774	1.195	0.507	1.176	1.082	0.507	0.536	0.740	0.516	0.533	0.539	0.764	0.538	1.109	0.640	0.518	0.723	0.575	0.596	0.982	0.515	0.961	0.540	0.763	0.521	0.756	0.542	1.058	0.509	0.568	0.641	1.097
49:28:58	25.1	0.980	0.565	0.746	1.170	0.574	0.519	0.741	0.460	0.530	0.808	0.532	0.966	0.577	1.091	1.199	0.500	0.772	1.197	0.506	1.177	1.081	0.507	0.537	0.737	0.520	0.533	0.538	0.760	0.537	1.110	0.638	0.517	0.722	0.574	0.595	0.984	0.515	0.963	0.540	0.760	0.518	0.760	0.541	1.055	0.508	0.568	0.638	1.096
49:44:40	25.0	0.983	0.563	0.745	1.170	0.571	0.519	0.740	0.458	0.529	0.806	0.532	0.966	0.577	1.092	1.200	0.497	0.770	1.197	0.506	1.177	1.081	0.506	0.536	0.733	0.518	0.533	0.539	0.757	0.538	1.109	0.636	0.517	0.721	0.573	0.594	0.986	0.513	0.963	0.540	0.757	0.519	0.752	0.541	1.054	0.508	0.566	0.636	1.095
50:00:23	25.1	0.982	0.560	0.743	1.170	0.571	0.517	0.740	0.456	0.529	0.815	0.532	0.967	0.576	1.093	1.200	0.499	0.767	1.197	0.506	1.178	1.082	0.506	0.536	0.730	0.517	0.531	0.538	0.752	0.537	1.110	0.634	0.518	0.720	0.573	0.593	0.988	0.513	0.964	0.540	0.753	0.520	0.751	0.539	1.052	0.508	0.566	0.633	1.094
50:16:06	25.1	0.980	0.560	0.743	1.170	0.569	0.516	0.738	0.457	0.528	0.802	0.532	0.968	0.575	1.093	1.200	0.496	0.764	1.199	0.506	1.179	1.084	0.506	0.535	0.745	0.519	0.532	0.538	0.749	0.537	1.113	0.634	0.516	0.720	0.572	0.593	0.991	0.514	0.965	0.539	0.750	0.514	0.753	0.539	1.051	0.506	0.563	0.631	1.093
50:31:48	25.1	0.977	0.561	0.742	1.169	0.569	0.514	0.737	0.454	0.527	0.799	0.530	0.969	0.574	1.094	1.201	0.494	0.760	1.199	0.505	1.180	1.082	0.505	0.534	0.723	0.517	0.532	0.538	0.746	0.535	1.110	0.631	0.514	0.719	0.572	0.591	0.993	0.513	0.965	0.539	0.748	0.512	0.748	0.537	1.050	0.507	0.564	0.628	1.092
50:47:31	25.1	0.975	0.560	0.742	1.169	0.568	0.515	0.736	0.451	0.525	0.796	0.530	0.968	0.573	1.095	1.201	0.495	0.757	1.199	0.504	1.180	1.082	0.505	0.534	0.719	0.517	0.531	0.537	0.742	0.536	1.119	0.629	0.515	0.718	0.570	0.590	0.995	0.513	0.967	0.539	0.745	0.514	0.747	0.536	1.048	0.505	0.562	0.627	1.092
51:03:13	25.1	0.967	0.559	0.740	1.169	0.567	0.514	0.735	0.449	0.523	0.792	0.530	0.971	0.572	1.093	1.201	0.495	0.753	1.200	0.504	1.181	1.083	0.504	0.535	0.715	0.516	0.532	0.536	0.739	0.535	1.111	0.630	0.515	0.718	0.569	0.590	0.997	0.512	0.969	0.538	0.741	0.510	0.744	0.536	1.044	0.503	0.563	0.624	1.091
51:18:56	25.1	0.967	0.558	0.740	1.169	0.565	0.513	0.735	0.446	0.520	0.787	0.529	0.972	0.572	1.095	1.202	0.493	0.748	1.201	0.503	1.182	1.086	0.504	0.533	0.711	0.518	0.532	0.537	0.736	0.535	1.112	0.625	0.517	0.717	0.569	0.589	1.000	0.511	0.969	0.537	0.737	0.511	0.742	0.535	1.041	0.503	0.560	0.621	1.090
51:34:38	25.1	0.964	0.557	0.739	1.169	0.565	0.513	0.733	0.446	0.520	0.784	0.530	0.973	0.571	1.095	1.202	0.491	0.745	1.202	0.503	1.182	1.085	0.503	0.533	0.709	0.518	0.531	0.536	0.733	0.534	1.111	0.625	0.514	0.716	0.568	0.587	1.002	0.512	0.969	0.536	0.734	0.512	0.741	0.534	1.041	0.503	0.560	0.619	1.089
51:50:21	25.1	0.963	0.553	0.738	1.170	0.563	0.513	0.732	0.442	0.520	0.780	0.529	0.972	0.570	1.094	1.203	0.492	0.742	1.202	0.502	1.183	1.082	0.503	0.534	0.703	0.514	0.529	0.535	0.730	0.534	1.111	0.622	0.514	0.716	0.567	0.587	1.004	0.510	0.970	0.536	0.731	0.508	0.739	0.533	1.039	0.501	0.559	0.617	1.088
52:06:04	25.1	0.958	0.556	0.738	1.170	0.563	0.512	0.732	0.442	0.518	0.778	0.529	0.975	0.569	1.094	1.204	0.490	0.737	1.204	0.502	1.184	1.083	0.502	0.532	0.699	0.517	0.530	0.535	0.726	0.533	1.111	0.623	0.515	0.716	0.566	0.586	1.006	0.510	0.972	0.538	0.728	0.508	0.738	0.532	1.037	0.500	0.558	0.615	1.087
52:21:46	25.1	0.950	0.553	0.737	1.170	0.563	0.509	0.731	0.438	0.518	0.772	0.527	0.976	0.568	1.094	1.205	0.488	0.735	1.205	0.502	1.184	1.085	0.502	0.532	0.696	0.513	0.530	0.535	0.724	0.533	1.112	0.622	0.511	0.715	0.565	0.585	1.008	0.509	0.973	0.536	0.724	0.510	0.735	0.530	1.035	0.501	0.557	0.612	1.086
52:37:29	25.1	0.949	0.552	0.736	1.171	0.561	0.508	0.730	0.437	0.517	0.768	0.527	0.976	0.568	1.093	1.205	0.488	0.733	1.206	0.501	1.185	1.084	0.501	0.531	0.695	0.512	0.530	0.535	0.721	0.534	1.112	0.617	0.512	0.713	0.564	0.584	1.012	0.509	0.973	0.536	0.721	0.508	0.734	0.529	1.034	0.498	0.556	0.609	1.085
52:53:12	25.1	0.942	0.549	0.736	1.171	0.560	0.507	0.729	0.435	0.515	0.764	0.527	0.977	0.566	1.097	1.206	0.487	0.728	1.206	0.502	1.186	1.083	0.501	0.532	0.688	0.512	0.529	0.535	0.717	0.531	1.112	0.615	0.509	0.714	0.563	0.583	1.013	0.508	0.976	0.536	0.717	0.505	0.732	0.529	1.032	0.498	0.555	0.608	1.084
53:08:54	25.1	0.944	0.549	0.735	1.170	0.559	0.507	0.728	0.434	0.514	0.766	0.527	0.978	0.566	1.095	1.207	0.486	0.725	1.207	0.500	1.186	1.085	0.500	0.530	0.685	0.510	0.527	0.534	0.714	0.532	1.117	0.616	0.511	0.712	0.563	0.581	1.015	0.510	0.975	0.537	0.714	0.503	0.730	0.528	1.030	0.498	0.553	0.606	1.083
53:24:37	25.1	0.936	0.548	0.733	1.170	0.558	0.505	0.727	0.432	0.513	0.757	0.525	0.980	0.565	1.097	1.207	0.483	0.721	1.208	0.500	1.187	1.084	0.500	0.530	0.684	0.513	0.527	0.533	0.712	0.531	1.111	0.612	0.508	0.712	0.561	0.582	1.024	0.510	0.977	0.534	0.711	0.507	0.727	0.526	1.029	0.497	0.553	0.604	1.082
53:40:19	25.1	0.930	0.546	0.733	1.170	0.557	0.505	0.727	0.430	0.512	0.753	0.525	0.981	0.564	1.094	1.207	0.483	0.717	1.208	0.499	1.187	1.084	0.500	0.530	0.678	0.508	0.526	0.534	0.708	0.531	1.111	0.610	0.507	0.711	0.561	0.582	1.019	0.507	0.978	0.534	0.708	0.506	0.858	0.524	1.028	0.496	0.552	0.601	1.081
53:56:02	25.1	0.932	0.545	0.732	1.169	0.555	0.504	0.726	0.426	0.510	0.749	0.524	0.982	0.563	1.096	1.208	0.481	0.714	1.209	0.499	1.188	1.086	0.499	0.529	0.674	0.507	0.526	0.533	0.706	0.530	1.115	0.615	0.507	0.711	0.560	0.579	1.021	0.507	0.979	0.532	0.704	0.505	0.723	0.524	1.023	0.497	0.551	0.599	1.080
54:11:44	25.1	0.927	0.544	0.732	1.169	0.554	0.503	0.725	0.427	0.508	0.745	0.523	0.983	0.562	1.096	1.208	0.480	0.710	1.209	0.498	1.188	1.086	0.498	0.528	0.680	0.507	0.525	0.532	0.703	0.530	1.112	0.607	0.505	0.710	0.559	0.580	1.023	0.508	0.980	0.532	0.701	0.498	0.719	0.523	1.022	0.495	0.549	0.599	1.079
54:27:27	25.1	0.923	0.544	0.731	1.169	0.554	0.503	0.724	0.424	0.507	0.742	0.524	0.985	0.561	1.095	1.209	0.479	0.706	1.210	0.498	1.188	1.084	0.498	0.528	0.667	0.505	0.525	0.532	0.700	0.529	1.111	0.605	0.505	0.710	0.559	0.578	1.025	0.506	0.981	0.532	0.698	0.498	0.716	0.522	1.023	0.496	0.549	0.596	1.078
54:43:09	25.1	0.915	0.543	0.730	1.169	0.552	0.502	0.724	0.422	0.508	0.745	0.523	0.985	0.561	1.098	1.209	0.480	0.703	1.210	0.497	1.189	1.087	0.498	0.528	0.664	0.507	0.524	0.532	0.698	0.529	1.112	0.604	0.506	0.709	0.558	0.577	1.027	0.507	0.982	0.530	0.695	0.499	0.711	0.523	1.021	0.495	0.548	0.593	1.077
54:58:52	25.1	0.913	0.541	0.730	1.169	0.551	0.499	0.723	0.421	0.505	0.735	0.522	0.986	0.560	1.096	1.210	0.479	0.700	1.211	0.497	1.189	1.087	0.497	0.528	0.675	0.507	0.525	0.531	0.696	0.528	1.112	0.602	0.503	0.708	0.557	0.576	1.029	0.505	0.984	0.530	0.692	0.496	0.707	0.518	1.019	0.494	0.546	0.592	1.075
55:14:35	25.1	0.908	0.540	0.729	1.167	0.551	0.500	0.722	0.419	0.505	0.732	0.523	0.988	0.559	1.096	1.209	0.478	0.698	1.212	0.496	1.190	1.085	0.497	0.527	0.657	0.503	0.523	0.531	0.693	0.529	1.114	0.601	0.502	0.707	0.556	0.576	1.031	0.505	0.985	0.530	0.689	0.494	0.739	0.516	1.016	0.494	0.546	0.590	1.074
55:30:17	25.1	0.902	0.537	0.729	1.168	0.549	0.498	0.721	0.419	0.503	0.728	0.522	0.989	0.558	1.095	1.210	0.476	0.694	1.212	0.496	1.191	1.085	0.496	0.525	0.654	0.508	0.525	0.531	0.691	0.528	1.114	0.599	0.501	0.707	0.555	0.574	1.033	0.506	0.987	0.529	0.686	0.499	0.699	0.516	1.013	0.492	0.545	0.588	1.073
55:46:00	25.1	0.899	0.536	0.728	1.168	0.548	0.497	0.721	0.417	0.501	0.738	0.521	0.990	0.558	1.097	1.210	0.474	0.692	1.213	0.495	1.192	1.085	0.495	0.524	0.663	0.503	0.523	0.531	0.689	0.527	1.114	0.600	0.500	0.707	0.553	0.575	1.035	0.505	0.987	0.530	0.683	0.492	0.694	0.515	1.013	0.490	0.545	0.583	1.071
56:01:42	25.1	0.895	0.537	0.727	1.168	0.547	0.496	0.720	0.420	0.500	0.721	0.520	0.991	0.556	1.097	1.210	0.474	0.687	1.213	0.495	1.192	1.085	0.495	0.525	0.676	0.504	0.522	0.530	0.686	0.528	1.115	0.596	0.499	0.706	0.553	0.572	1.038	0.504	0.988	0.528	0.680	0.497	0.690	0.516	1.010	0.490	0.542	0.582	1.070
56:17:25	25.1	0.892	0.536	0.726	1.166	0.547	0.495	0.720	0.413	0.499	0.718	0.521	0.992	0.555	1.099	1.210	0.475	0.684	1.214	0.495	1.192	1.087	0.494	0.525	0.644	0.500	0.522	0.530	0.684	0.527	1.118	0.594	0.502	0.705	0.553	0.573	1.039	0.504	0.989	0.527	0.677	0.497	0.686	0.515	1.009	0.488	0.542	0.581	1.068
56:33:07	25.1	0.883	0.533	0.726	1.166	0.544	0.494	0.718	0.409	0.497	0.715	0.519	0.994	0.555	1.096	1.210	0.472	0.682	1.214	0.494	1.192	1.085	0.493	0.523	0.641	0.501	0.522	0.530	0.680	0.525	1.115	0.594	0.500	0.704	0.551	0.571	1.041	0.504	0.990	0.527	0.674	0.491	0.682	0.516	1.007	0.487	0.541	0.579	1.067
56:48:50	25.1	0.878	0.531	0.725	1.165	0.544	0.494	0.718	0.409	0.497	0.712	0.519	0.995	0.553	1.097	1.210	0.470	0.677	1.215	0.493	1.192	1.086	0.493	0.522	0.652	0.501	0.522	0.530	0.679	0.525	1.115	0.592	0.501	0.703	0.551	0.570	1.043	0.503	0.991	0.526	0.672	0.494	0.678	0.514	1.005	0.487	0.540	0.578	1.066
57:04:32	25.1	0.872	0.533	0.725	1.165	0.543	0.493	0.717	0.405	0.496	0.708	0.519	0.996	0.553	1.097	1.209	0.470	0.676	1.214	0.493	1.192	1.087	0.492	0.523	0.635	0.503	0.521	0.528	0.676	0.525	1.113	0.590	0.499	0.703	0.549	0.569	1.045	0.503	0.993	0.525	0.669	0.490	0.674	0.513	1.004	0.486	0.539	0.575	1.065
57:20:15	25.1	0.870	0.531	0.724	1.164	0.542	0.492	0.716	0.404	0.495	0.705	0.518	0.997	0.552	1.096	1.210	0.468	0.672	1.214	0.492	1.194	1.086	0.492	0.520	0.631	0.499	0.520	0.528	0.675	0.524	1.113	0.589	0.498	0.702	0.549	0.569	1.047	0.502	0.993	0.524	0.666	0.488	0.671	0.514	1.004	0.486	0.538	0.573	1.062
57:35:57	25.1	0.863	0.528	0.724	1.164	0.541	0.491	0.716	0.402	0.493	0.702	0.518	0.998	0.551	1.097	1.210	0.466	0.670	1.214	0.492	1.192	1.085	0.491	0.520	0.628	0.500	0.520	0.528	0.672	0.524	1.115	0.595	0.495	0.701	0.548	0.569	1.049	0.502	0.994	0.523	0.664	0.488	0.675	0.509	1.003	0.485	0.538	0.571	1.061
57:51:40	25.0	0.855	0.529	0.723	1.162	0.539	0.491	0.715	0.400	0.493	0.699	0.517	0.999	0.550	1.096	1.210	0.465	0.666	1.214	0.491	1.192	1.085	0.491	0.520	0.626	0.498	0.520	0.527	0.670	0.523	1.116	0.588	0.493	0.701	0.547	0.568	1.051	0.502	0.996	0.523	0.660	0.485	0.662	0.506	1.001	0.484	0.536	0.570	1.060
58:07:23	25.1	0.849	0.527	0.722	1.162	0.538	0.490	0.715	0.399	0.489	0.697	0.516	1.000	0.550	1.097	1.210	0.464	0.663	1.215	0.491	1.194	1.085	0.490	0.518	0.642	0.498	0.520	0.528	0.668	0.523	1.115	0.584	0.497	0.702	0.546	0.567	1.052	0.500	0.997	0.522	0.658	0.483	0.665	0.509	0.999	0.483	0.535	0.568	1.058
58:23:05	25.1	0.847	0.525	0.721	1.162	0.538	0.489	0.714	0.395	0.489	0.693	0.516	1.002	0.548	1.098	1.210	0.464	0.661	1.215	0.490	1.193	1.085	0.490	0.520	0.619	0.496	0.519	0.527	0.666	0.523	1.120	0.585	0.494	0.700	0.545	0.566	1.055	0.501	0.997	0.522	0.655	0.487	0.655	0.507	0.998	0.481	0.535	0.566	1.056
58:38:48	25.1	0.842	0.525	0.721	1.162	0.536	0.488	0.713	0.399	0.488	0.705	0.515	1.003	0.548	1.097	1.210	0.462	0.658	1.216	0.490	1.193	1.086	0.489	0.518	0.630	0.497	0.519	0.527	0.664	0.523	1.116	0.587	0.494	0.700	0.545	0.565	1.057	0.500	0.999	0.520	0.653	0.484	0.651	0.507	0.994	0.482	0.533	0.564	1.056
58:54:30	25.1	0.838	0.523	0.719	1.161	0.534	0.485	0.712	0.393	0.486	0.687	0.514	1.004	0.547	1.100	1.210	0.461	0.656	1.215	0.489	1.194	1.085	0.488	0.517	0.613	0.496	0.518	0.526	0.661	0.522	1.114	0.580	0.490	0.698	0.543	0.564	1.058	0.500	1.000	0.520	0.650	0.486	0.647	0.505	0.996	0.483	0.533	0.562	1.053
59:10:13	25.1	0.834	0.523	0.720	1.159	0.534	0.485	0.711	0.390	0.485	0.684	0.514	1.005	0.547	1.097	1.210	0.460	0.653	1.216	0.489	1.193	1.085	0.488	0.516	0.610	0.494	0.517	0.526	0.660	0.522	1.119	0.579	0.488	0.698	0.542	0.564	1.060	0.500	1.002	0.520	0.648	0.481	0.643	0.504	0.995	0.480	0.532	0.560	1.051
59:25:56	25.1	0.829	0.522	0.718	1.160	0.532	0.485	0.711	0.388	0.484	0.681	0.513	1.006	0.546	1.099	1.210	0.459	0.649	1.215	0.488	1.194	1.086	0.488	0.517	0.608	0.495	0.517	0.527	0.658	0.522	1.114	0.584	0.490	0.697	0.543	0.562	1.062	0.497	1.002	0.519	0.645	0.483	0.638	0.502	0.990	0.481	0.530	0.559	1.049
59:41:38	25.1	0.826	0.522	0.717	1.159	0.532	0.484	0.710	0.385	0.483	0.678	0.513	1.008	0.545	1.102	1.209	0.457	0.646	1.215	0.488	1.194	1.085	0.487	0.515	0.605	0.494	0.516	0.524	0.656	0.520	1.116	0.576	0.487	0.697	0.542	0.563	1.064	0.497	1.004	0.518	0.642	0.477	0.635	0.502	0.991	0.480	0.529	0.560	1.048
59:57:21	25.1	0.821	0.519	0.718	1.159	0.531	0.483	0.709	0.388	0.482	0.675	0.513	1.009	0.544	1.097	1.209	0.456	0.643	1.215	0.487	1.194	1.085	0.486	0.515	0.602	0.490	0.515	0.524	0.654	0.519	1.116	0.577	0.486	0.696	0.540	0.562	1.065	0.497	1.004	0.517	0.640	0.478	0.631	0.502	0.988	0.479	0.528	0.555	1.045
60:13:03	25.1	0.817	0.518	0.717	1.158	0.530	0.482	0.708	0.381	0.480	0.673	0.513	1.010	0.543	1.097	1.209	0.458	0.642	1.215	0.487	1.193	1.085	0.486	0.514	0.600	0.491	0.515	0.524	0.651	0.520	1.115	0.573	0.489	0.695	0.540	0.561	1.067	0.498	1.006	0.516	0.638	0.474	0.628	0.501	0.988	0.478	0.528	0.553	1.042
60:28:46	25.1	0.812	0.517	0.716	1.157	0.529	0.481	0.707	0.380	0.480	0.670	0.511	1.010	0.543	1.104	1.208	0.455	0.638	1.215	0.486	1.193	1.085	0.485	0.514	0.596	0.488	0.514	0.524	0.650	0.519	1.117	0.572	0.485	0.695	0.539	0.560	1.068	0.496	1.007	0.515	0.635	0.478	0.650	0.498	0.987	0.477	0.527	0.551	1.040
60:44:29	25.0	0.810	0.516	0.715	1.158	0.528	0.480	0.707	0.378	0.477	0.667	0.511	1.013	0.542	1.100	1.209	0.453	0.636	1.215	0.486	1.193	1.091	0.485	0.513	0.594	0.487	0.513	0.523	0.648	0.518	1.114	0.571	0.483	0.694	0.538	0.559	1.071	0.496	1.009	0.515	0.633	0.474	0.621	0.499	0.984	0.476	0.525	0.549	1.038
61:00:11	25.0	0.806	0.515	0.714	1.156	0.528	0.480	0.706	0.376	0.477	0.664	0.510	1.013	0.541	1.103	1.208	0.453	0.633	1.216	0.486	1.194	1.085	0.484	0.511	0.591	0.488	0.513	0.524	0.646	0.518	1.115	0.570	0.483	0.694	0.538	0.559	1.072	0.495	1.010	0.515	0.630	0.475	0.617	0.496	0.981	0.475	0.525	0.547	1.036
61:15:54	25.1	0.801	0.513	0.715	1.156	0.527	0.478	0.706	0.373	0.476	0.661	0.509	1.014	0.540	1.098	1.208	0.451	0.631	1.215	0.485	1.193	1.086	0.485	0.512	0.604	0.486	0.514	0.523	0.644	0.517	1.115	0.574	0.483	0.693	0.537	0.559	1.074	0.496	1.009	0.513	0.628	0.472	0.614	0.496	0.978	0.474	0.524	0.546	1.033
61:31:36	25.1	0.798	0.513	0.713	1.155	0.523	0.478	0.705	0.371	0.474	0.659	0.509	1.016	0.539	1.097	1.207	0.450	0.629	1.215	0.484	1.194	1.086	0.483	0.512	0.586	0.489	0.513	0.523	0.643	0.517	1.115	0.567	0.481	0.692	0.536	0.556	1.075	0.494	1.013	0.513	0.626	0.471	0.610	0.496	0.979	0.473	0.522	0.544	1.031
61:47:19	25.1	0.793	0.511	0.713	1.154	0.525	0.477	0.704	0.369	0.473	0.657	0.508	1.017	0.539	1.097	1.209	0.450	0.627	1.215	0.484	1.194	1.085	0.483	0.511	0.583	0.484	0.511	0.522	0.641	0.518	1.117	0.566	0.481	0.690	0.535	0.556	1.077	0.494	1.014	0.513	0.624	0.467	0.607	0.494	0.978	0.472	0.522	0.542	1.029
62:03:02	25.0	0.790	0.510	0.712	1.156	0.524	0.476	0.703	0.367	0.472	0.658	0.507	1.018	0.537	1.098	1.207	0.448	0.624	1.215	0.483	1.193	1.085	0.483	0.510	0.581	0.485	0.511	0.522	0.639	0.516	1.115	0.565	0.479	0.691	0.534	0.556	1.080	0.493	1.014	0.512	0.621	0.468	0.608	0.493	0.978	0.471	0.521	0.541	1.027
62:18:44	25.1	0.785	0.508	0.711	1.155	0.523	0.475	0.703	0.365	0.471	0.651	0.507	1.020	0.537	1.097	1.208	0.447	0.622	1.214	0.482	1.193	1.085	0.482	0.510	0.580	0.486	0.511	0.521	0.637	0.516	1.116	0.564	0.480	0.690	0.533	0.554	1.080	0.491	1.016	0.512	0.619	0.470	0.600	0.492	0.975	0.471	0.521	0.539	1.024
62:34:27	25.1	0.781	0.509	0.711	1.155	0.521	0.474	0.702	0.364	0.469	0.649	0.507	1.021	0.536	1.098	1.210	0.446	0.619	1.215	0.482	1.194	1.086	0.481	0.509	0.575	0.483	0.511	0.521	0.635	0.516	1.116	0.562	0.477	0.690	0.533	0.555	1.083	0.491	1.017	0.510	0.617	0.464	0.597	0.491	0.975	0.471	0.519	0.538	1.022
62:50:09	25.1	0.777	0.506	0.709	1.154	0.520	0.473	0.701	0.362	0.468	0.649	0.506	1.022	0.535	1.097	1.208	0.446	0.617	1.215	0.482	1.194	1.086	0.481	0.508	0.572	0.483	0.509	0.521	0.634	0.516	1.116	0.561	0.476	0.689	0.532	0.553	1.083	0.491	1.018	0.510	0.615	0.463	0.594	0.491	0.973	0.470	0.519	0.537	1.019
63:05:52	25.1	0.773	0.506	0.709	1.154	0.520	0.472	0.700	0.360	0.467	0.644	0.505	1.023	0.535	1.097	1.209	0.444	0.613	1.216	0.481	1.194	1.086	0.482	0.509	0.570	0.483	0.510	0.521	0.632	0.515	1.115	0.560	0.478	0.688	0.530	0.553	1.087	0.492	1.020	0.510	0.612	0.460	0.592	0.490	0.970	0.469	0.517	0.535	1.015
63:21:34	25.1	0.769	0.504	0.708	1.157	0.518	0.471	0.699	0.358	0.465	0.641	0.505	1.024	0.533	1.098	1.210	0.444	0.612	1.215	0.480	1.193	1.085	0.480	0.507	0.568	0.483	0.509	0.520	0.630	0.515	1.122	0.559	0.474	0.688	0.530	0.553	1.087	0.491	1.021	0.509	0.610	0.463	0.588	0.489	0.971	0.468	0.516	0.533	1.013
63:37:17	25.1	0.764	0.504	0.708	1.154	0.518	0.470	0.699	0.357	0.465	0.646	0.504	1.026	0.533	1.100	1.210	0.442	0.610	1.217	0.480	1.194	1.090	0.480	0.507	0.566	0.483	0.509	0.518	0.629	0.514	1.118	0.558	0.473	0.687	0.529	0.551	1.088	0.491	1.022	0.509	0.608	0.458	0.584	0.487	0.970	0.468	0.516	0.532	1.010
63:53:00	25.1	0.759	0.502	0.707	1.155	0.517	0.469	0.698	0.355	0.463	0.636	0.504	1.027	0.533	1.099	1.212	0.442	0.607	1.217	0.480	1.194	1.085	0.480	0.507	0.563	0.480	0.507	0.519	0.627	0.514	1.116	0.557	0.474	0.686	0.529	0.550	1.091	0.490	1.023	0.508	0.606	0.457	0.581	0.486	0.968	0.467	0.514	0.529	1.008
64:08:42	25.1	0.755	0.500	0.706	1.156	0.517	0.469	0.696	0.353	0.461	0.634	0.502	1.029	0.531	1.099	1.212	0.440	0.604	1.218	0.479	1.194	1.085	0.479	0.505	0.560	0.479	0.508	0.518	0.625	0.514	1.126	0.555	0.472	0.686	0.528	0.551	1.096	0.490	1.024	0.508	0.604	0.458	0.578	0.486	0.967	0.465	0.514	0.529	1.004
64:24:25	25.1	0.750	0.500	0.706	1.157	0.513	0.467	0.696	0.353	0.462	0.631	0.502	1.030	0.531	1.099	1.214	0.439	0.602	1.219	0.483	1.195	1.085	0.479	0.505	0.558	0.480	0.507	0.519	0.625	0.513	1.116	0.555	0.473	0.685	0.527	0.550	1.094	0.488	1.026	0.507	0.602	0.456	0.575	0.484	0.965	0.463	0.512	0.529	1.001
64:40:07	25.1	0.746	0.499	0.705	1.158	0.514	0.467	0.695	0.351	0.460	0.629	0.501	1.031	0.530	1.097	1.215	0.439	0.601	1.219	0.479	1.196	1.085	0.478	0.504	0.560	0.478	0.508	0.518	0.623	0.512	1.115	0.554	0.470	0.685	0.526	0.550	1.094	0.487	1.027	0.507	0.600	0.452	0.572	0.483	0.964	0.465	0.511	0.531	0.998
64:55:50	25.1	0.742	0.498	0.704	1.161	0.512	0.468	0.695	0.349	0.459	0.627	0.501	1.031	0.529	1.099	1.219	0.437	0.599	1.220	0.479	1.197	1.094	0.479	0.504	0.554	0.475	0.508	0.519	0.621	0.513	1.118	0.555	0.469	0.683	0.526	0.548	1.095	0.488	1.028	0.507	0.598	0.453	0.569	0.481	0.959	0.464	0.510	0.525	0.995
65:11:32	25.1	0.737	0.497	0.704	1.163	0.511	0.467	0.693	0.348	0.458	0.624	0.500	1.033	0.529	1.100	1.219	0.437	0.595	1.225	0.478	1.198	1.095	0.478	0.503	0.551	0.475	0.507	0.518	0.620	0.512	1.119	0.553	0.469	0.683	0.525	0.548	1.097	0.487	1.030	0.506	0.596	0.451	0.566	0.481	0.958	0.462	0.510	0.523	0.992
65:27:15	25.1	0.732	0.496	0.703	1.160	0.512	0.467	0.693	0.347	0.456	0.622	0.500	1.035	0.528	1.100	1.220	0.436	0.594	1.223	0.478	1.200	1.089	0.479	0.502	0.549	0.477	0.507	0.516	0.618	0.512	1.115	0.554	0.471	0.682	0.524	0.547	1.098	0.487	1.031	0.506	0.594	0.453	0.563	0.480	0.956	0.464	0.508	0.522	0.988
65:42:57	25.0	0.729	0.495	0.702	1.165	0.510	0.467	0.692	0.345	0.456	0.620	0.499	1.036	0.527	1.099	1.222	0.435	0.592	1.224	0.478	1.200	1.091	0.478	0.503	0.547	0.473	0.508	0.516	0.617	0.512	1.118	0.550	0.471	0.682	0.523	0.547	1.100	0.486	1.031	0.506	0.592	0.449	0.560	0.478	0.955	0.464	0.508	0.521	0.985
65:58:40	25.1	0.724	0.495	0.701	1.167	0.509	0.468	0.691	0.343	0.455	0.617	0.500	1.036	0.526	1.099	1.224	0.435	0.590	1.226	0.478	1.201	1.086	0.477	0.501	0.546	0.476	0.507	0.515	0.616	0.513	1.119	0.550	0.469	0.681	0.522	0.545	1.101	0.486	1.033	0.506	0.590	0.449	0.583	0.479	0.955	0.461	0.507	0.520	0.982
66:14:22	25.1	0.721	0.491	0.700	1.165	0.509	0.467	0.689	0.342	0.453	0.615	0.498	1.039	0.525	1.098	1.226	0.434	0.588	1.226	0.478	1.202	1.088	0.479	0.502	0.561	0.471	0.508	0.515	0.613	0.512	1.120	0.548	0.468	0.680	0.521	0.546	1.101	0.485	1.034	0.507	0.588	0.448	0.554	0.477	0.954	0.464	0.506	0.519	0.979
66:30:05	25.0	0.717	0.491	0.700	1.167	0.507	0.467	0.689	0.341	0.452	0.613	0.498	1.039	0.525	1.100	1.227	0.433	0.586	1.227	0.477	1.203	1.087	0.477	0.500	0.540	0.472	0.508	0.514	0.613	0.511	1.119	0.548	0.466	0.680	0.521	0.545	1.103	0.484	1.035	0.506	0.586	0.448	0.553	0.477	0.952	0.463	0.505	0.518	0.976
66:45:48	25.1	0.712	0.489	0.699	1.168	0.505	0.468	0.688	0.339	0.451	0.610	0.497	1.040	0.524	1.098	1.229	0.433	0.583	1.228	0.477	1.204	1.089	0.477	0.500	0.539	0.473	0.509	0.515	0.611	0.512	1.120	0.549	0.465	0.679	0.520	0.544	1.104	0.485	1.037	0.506	0.583	0.449	0.549	0.478	0.949	0.463	0.504	0.517	0.973
67:01:30	25.1	0.708	0.489	0.698	1.168	0.505	0.467	0.686	0.337	0.451	0.608	0.499	1.042	0.524	1.099	1.230	0.433	0.582	1.231	0.477	1.205	1.087	0.477	0.499	0.537	0.472	0.507	0.515	0.610	0.511	1.118	0.546	0.466	0.678	0.519	0.543	1.105	0.485	1.036	0.505	0.581	0.446	0.545	0.475	0.950	0.462	0.504	0.515	0.969
67:17:13	25.1	0.704	0.488	0.698	1.166	0.505	0.466	0.685	0.336	0.449	0.606	0.498	1.043	0.523	1.099	1.231	0.432	0.579	1.231	0.477	1.206	1.086	0.477	0.500	0.534	0.473	0.508	0.514	0.608	0.511	1.117	0.546	0.465	0.677	0.519	0.543	1.105	0.483	1.038	0.505	0.580	0.445	0.542	0.475	0.946	0.463	0.504	0.514	0.966
67:32:55	25.1	0.699	0.486	0.697	1.168	0.503	0.466	0.684	0.334	0.448	0.604	0.497	1.044	0.522	1.099	1.232	0.431	0.576	1.236	0.477	1.207	1.087	0.477	0.500	0.539	0.472	0.507	0.513	0.607	0.512	1.117	0.544	0.465	0.677	0.518	0.542	1.107	0.483	1.040	0.506	0.578	0.447	0.540	0.476	0.946	0.462	0.503	0.514	0.963
67:48:38	25.0	0.695	0.484	0.696	1.168	0.503	0.465	0.683	0.332	0.448	0.601	0.496	1.045	0.521	1.100	1.234	0.430	0.575	1.234	0.477	1.207	1.089	0.477	0.500	0.530	0.475	0.507	0.513	0.605	0.511	1.118	0.544	0.465	0.676	0.518	0.542	1.107	0.484	1.041	0.505	0.576	0.442	0.537	0.472	0.946	0.461	0.501	0.513	0.959
68:04:20	25.1	0.690	0.484	0.695	1.168	0.502	0.466	0.682	0.330	0.446	0.599	0.497	1.047	0.520	1.100	1.234	0.431	0.571	1.235	0.477	1.209	1.087	0.476	0.499	0.528	0.471	0.506	0.513	0.604	0.510	1.118	0.543	0.468	0.676	0.517	0.540	1.107	0.484	1.042	0.505	0.574	0.444	0.535	0.471	0.944	0.461	0.500	0.511	0.955
68:20:03	25.1	0.685	0.483	0.694	1.168	0.501	0.463	0.682	0.328	0.445	0.597	0.495	1.047	0.520	1.101	1.234	0.430	0.570	1.236	0.477	1.209	1.086	0.479	0.500	0.525	0.474	0.506	0.513	0.602	0.511	1.119	0.543	0.468	0.675	0.516	0.541	1.109	0.483	1.042	0.506	0.572	0.441	0.531	0.471	0.942	0.461	0.500	0.509	0.952
68:35:46	25.1	0.680	0.482	0.693	1.168	0.500	0.463	0.680	0.327	0.444	0.595	0.496	1.048	0.520	1.100	1.235	0.429	0.568	1.236	0.476	1.210	1.089	0.476	0.500	0.523	0.471	0.507	0.512	0.601	0.511	1.118	0.543	0.464	0.674	0.516	0.541	1.109	0.482	1.044	0.506	0.570	0.441	0.528	0.471	0.940	0.460	0.498	0.508	0.950
68:51:28	25.1	0.676	0.480	0.693	1.169	0.498	0.463	0.678	0.325	0.443	0.592	0.496	1.049	0.519	1.100	1.237	0.428	0.566	1.240	0.476	1.211	1.089	0.476	0.499	0.521	0.474	0.508	0.512	0.600	0.511	1.116	0.542	0.464	0.674	0.515	0.539	1.109	0.483	1.045	0.506	0.568	0.442	0.525	0.471	0.939	0.459	0.498	0.507	0.947
69:07:11	25.0	0.671	0.479	0.691	1.171	0.499	0.462	0.678	0.323	0.441	0.591	0.495	1.051	0.518	1.100	1.239	0.429	0.564	1.238	0.476	1.213	1.088	0.476	0.500	0.530	0.470	0.508	0.513	0.599	0.511	1.121	0.541	0.464	0.673	0.515	0.539	1.111	0.482	1.045	0.506	0.566	0.440	0.523	0.469	0.938	0.459	0.498	0.506	0.943
69:22:53	25.1	0.666	0.477	0.691	1.171	0.497	0.462	0.676	0.321	0.441	0.588	0.494	1.051	0.518	1.100	1.240	0.427	0.562	1.239	0.476	1.213	1.089	0.476	0.498	0.517	0.470	0.507	0.513	0.597	0.510	1.126	0.541	0.465	0.672	0.514	0.538	1.111	0.482	1.047	0.506	0.564	0.437	0.520	0.467	0.934	0.460	0.496	0.506	0.939
69:38:36	25.0	0.660	0.477	0.690	1.172	0.497	0.462	0.675	0.319	0.439	0.587	0.495	1.052	0.517	1.102	1.242	0.426	0.561	1.242	0.476	1.214	1.087	0.476	0.499	0.515	0.468	0.507	0.512	0.596	0.511	1.118	0.540	0.464	0.672	0.514	0.538	1.114	0.482	1.047	0.506	0.562	0.440	0.517	0.466	0.932	0.459	0.496	0.504	0.935
69:54:18	25.1	0.656	0.476	0.689	1.172	0.495	0.461	0.674	0.317	0.439	0.584	0.494	1.054	0.516	1.100	1.243	0.427	0.558	1.242	0.476	1.215	1.088	0.476	0.498	0.513	0.470	0.507	0.512	0.595	0.510	1.117	0.538	0.463	0.671	0.513	0.538	1.112	0.482	1.049	0.506	0.561	0.439	0.515	0.467	0.932	0.458	0.495	0.503	0.932
70:10:01	25.1	0.649	0.474	0.689	1.173	0.495	0.460	0.672	0.321	0.437	0.582	0.493	1.055	0.515	1.101	1.244	0.426	0.557	1.242	0.476	1.216	1.093	0.476	0.498	0.512	0.468	0.507	0.512	0.594	0.510	1.119	0.537	0.462	0.669	0.512	0.536	1.113	0.483	1.048	0.505	0.559	0.437	0.512	0.464	0.930	0.458	0.494	0.502	0.928
70:25:44	25.1	0.644	0.474	0.687	1.172	0.494	0.459	0.671	0.313	0.436	0.580	0.494	1.056	0.515	1.101	1.245	0.424	0.555	1.243	0.476	1.218	1.094	0.478	0.497	0.509	0.471	0.507	0.511	0.592	0.510	1.119	0.536	0.463	0.669	0.512	0.536	1.114	0.481	1.050	0.505	0.556	0.436	0.509	0.465	0.929	0.458	0.494	0.501	0.925
70:41:26	25.1	0.638	0.473	0.686	1.173	0.493	0.458	0.670	0.311	0.436	0.578	0.494	1.057	0.514	1.101	1.246	0.423	0.552	1.244	0.475	1.218	1.088	0.476	0.497	0.510	0.471	0.508	0.510	0.591	0.511	1.122	0.538	0.464	0.669	0.511	0.536	1.114	0.481	1.051	0.505	0.555	0.434	0.517	0.464	0.925	0.457	0.493	0.500	0.920
70:57:09	25.1	0.632	0.470	0.685	1.173	0.493	0.459	0.669	0.309	0.435	0.577	0.493	1.058	0.513	1.101	1.248	0.423	0.552	1.245	0.476	1.218	1.088	0.476	0.496	0.514	0.470	0.507	0.511	0.590	0.510	1.119	0.536	0.463	0.669	0.511	0.535	1.115	0.480	1.051	0.505	0.553	0.434	0.504	0.465	0.926	0.457	0.491	0.498	0.917
71:12:51	25.1	0.626	0.470	0.684	1.172	0.491	0.458	0.667	0.306	0.433	0.574	0.494	1.059	0.514	1.101	1.248	0.422	0.549	1.245	0.476	1.220	1.091	0.475	0.496	0.509	0.469	0.508	0.511	0.588	0.510	1.118	0.539	0.463	0.667	0.509	0.533	1.115	0.481	1.052	0.505	0.551	0.435	0.513	0.462	0.924	0.456	0.491	0.498	0.913
71:28:34	25.1	0.619	0.469	0.683	1.172	0.491	0.458	0.666	0.303	0.434	0.572	0.492	1.060	0.514	1.102	1.249	0.421	0.547	1.247	0.476	1.220	1.093	0.476	0.496	0.510	0.469	0.508	0.511	0.587	0.510	1.119	0.534	0.462	0.666	0.510	0.533	1.115	0.480	1.053	0.505	0.549	0.433	0.499	0.463	0.923	0.456	0.491	0.497	0.909
71:44:16	25.1	0.613	0.467	0.682	1.171	0.489	0.456	0.664	0.301	0.433	0.570	0.492	1.060	0.513	1.101	1.250	0.420	0.545	1.248	0.475	1.222	1.090	0.476	0.496	0.500	0.468	0.507	0.511	0.586	0.510	1.119	0.533	0.462	0.666	0.509	0.534	1.117	0.479	1.054	0.505	0.547	0.434	0.496	0.462	0.921	0.456	0.490	0.495	0.906
0:00:00	0.0																																																
0:00:00	0.0																																																
0:00:00	0.0																																																
0:00:00	0.0																																																
0:00:00	0.0																																																
0:00:00	0.0																																																
0:00:00	0.0																																																
0:00:00	0.0																																																
0:00:00	0.0																																																
0:00:00	0.0																																																
0:00:00	0.0																																																
0:00:00	0.0																																																
0:00:00	0.0																																																
0:00:00	0.0																																																

Results
	1	2	3	4	5	6	7	8
A	2.170	2.605	1.285	3.102	2.233	2.197	1.268	1.890	Max V [600]
	1.000	1.000	1.000	1.000	1.000	1.000	1.000	1.000	R-Squared [600]
	16:21:49	13:29:01	14:47:34	11:23:21	9:17:41	12:41:53	15:03:16	15:18:59	t at Max V [600]
	11:27:44	9:21:27	10:09:52	8:11:46	7:16:18	9:26:24	10:32:37	10:52:02	Lagtime [600]
B	2.182	3.550	2.100	2.322	1.998	2.672	3.035	1.864	Max V [600]
	1.000	1.000	1.000	1.000	1.000	1.000	1.000	1.000	R-Squared [600]
	9:33:24	37:34:13	14:47:34	15:50:24	13:44:44	12:10:29	12:10:29	15:50:24	t at Max V [600]
	7:31:26	33:48:31	10:53:11	11:21:51	8:52:43	7:51:49	8:11:29	11:30:03	Lagtime [600]
C	1.140	2.990	2.195	3.035	2.682	2.131	1.915	-2.580	Max V [600]
	1.000	1.000	1.000	1.000	1.000	1.000	1.000	1.000	R-Squared [600]
	16:37:31	11:39:04	12:57:36	11:39:04	11:54:46	13:13:19	14:47:34	37:18:30	t at Max V [600]
	13:30:08	7:49:38	9:22:08	7:54:53	7:33:58	9:36:04	10:31:47	42:07:33	Lagtime [600]
D	1.822	2.125	1.909	1.554	2.172	2.834	1.783	1.803	Max V [600]
	1.000	1.000	1.000	1.000	1.000	1.000	1.000	1.000	R-Squared [600]
	15:03:16	12:57:36	14:16:09	16:06:06	12:41:53	10:51:56	24:28:47	15:34:41	t at Max V [600]
	10:56:54	9:06:07	10:19:58	13:55:37	9:02:59	7:30:43	18:27:51	11:17:54	Lagtime [600]
E	1.223	1.962	2.068	1.446	1.994	2.392	2.210	1.070	Max V [600]
	1.000	1.000	1.000	1.000	1.000	1.000	1.000	1.000	R-Squared [600]
	14:31:51	9:01:58	8:46:16	12:41:53	15:03:16	15:50:24	13:29:01	16:37:31	t at Max V [600]
	9:57:40	7:07:32	6:52:27	8:44:54	11:12:33	11:29:24	9:46:29	13:12:18	Lagtime [600]
F	2.341	-11.039	2.004	2.344	2.329	2.125	1.304	2.812	Max V [600]
	1.000	1.000	1.000	1.000	1.000	1.000	1.000	1.000	R-Squared [600]
	13:13:19	30:45:47	9:33:24	16:06:06	13:44:44	8:46:16	16:53:14	11:39:04	t at Max V [600]
	9:35:37	31:48:21	7:24:17	11:23:50	10:05:38	7:00:54	14:05:31	7:58:10	Lagtime [600]

